1 11 1
1 15 1
1 16 1
1 41 1
1 43 1
1 48 1
2 18 1
2 20 1
2 27 1
2 28 1
2 29 1
2 37 1
2 42 1
2 55 1
3 11 1
3 43 1
3 45 1
3 62 1
4 9 1
4 15 1
4 60 1
5 52 1
6 10 1
6 14 1
6 57 1
6 58 1
7 10 1
7 14 1
7 18 1
7 55 1
7 57 1
7 58 1
8 20 1
8 28 1
8 31 1
8 41 1
8 55 1
9 4 1
9 21 1
9 29 1
9 38 1
9 46 1
9 60 1
10 6 1
10 7 1
10 14 1
10 18 1
10 33 1
10 42 1
10 58 1
11 1 1
11 3 1
11 30 1
11 43 1
11 48 1
12 52 1
13 34 1
14 6 1
14 7 1
14 10 1
14 18 1
14 33 1
14 42 1
14 55 1
14 58 1
15 1 1
15 4 1
15 17 1
15 25 1
15 34 1
15 35 1
15 38 1
15 39 1
15 41 1
15 44 1
15 51 1
15 53 1
16 1 1
16 19 1
16 25 1
16 41 1
16 46 1
16 56 1
16 60 1
17 15 1
17 21 1
17 34 1
17 38 1
17 39 1
17 51 1
18 2 1
18 7 1
18 10 1
18 14 1
18 23 1
18 26 1
18 28 1
18 32 1
18 58 1
19 16 1
19 21 1
19 22 1
19 25 1
19 30 1
19 46 1
19 52 1
20 2 1
20 8 1
20 31 1
20 55 1
21 9 1
21 17 1
21 19 1
21 29 1
21 37 1
21 39 1
21 45 1
21 48 1
21 51 1
22 19 1
22 30 1
22 34 1
22 38 1
22 46 1
22 52 1
23 18 1
24 37 1
24 46 1
24 52 1
25 15 1
25 16 1
25 19 1
25 30 1
25 46 1
25 52 1
26 18 1
26 27 1
26 28 1
27 2 1
27 26 1
27 28 1
28 2 1
28 8 1
28 18 1
28 26 1
28 27 1
29 2 1
29 9 1
29 21 1
29 31 1
29 48 1
30 11 1
30 19 1
30 22 1
30 25 1
30 36 1
30 44 1
30 46 1
30 52 1
30 53 1
31 8 1
31 20 1
31 29 1
31 43 1
31 48 1
32 18 1
33 10 1
33 14 1
33 61 1
34 13 1
34 15 1
34 17 1
34 22 1
34 35 1
34 38 1
34 39 1
34 41 1
34 44 1
34 51 1
35 15 1
35 34 1
35 38 1
35 45 1
35 50 1
36 30 1
37 2 1
37 21 1
37 24 1
37 38 1
37 40 1
37 41 1
37 60 1
38 9 1
38 15 1
38 17 1
38 22 1
38 34 1
38 35 1
38 37 1
38 41 1
38 44 1
38 46 1
38 62 1
39 15 1
39 17 1
39 21 1
39 34 1
39 44 1
39 45 1
39 53 1
39 59 1
40 37 1
40 58 1
41 1 1
41 8 1
41 15 1
41 16 1
41 34 1
41 37 1
41 38 1
41 53 1
42 2 1
42 10 1
42 14 1
42 55 1
42 58 1
43 1 1
43 3 1
43 11 1
43 31 1
43 48 1
43 51 1
44 15 1
44 30 1
44 34 1
44 38 1
44 39 1
44 47 1
44 54 1
45 3 1
45 21 1
45 35 1
45 39 1
46 9 1
46 16 1
46 19 1
46 22 1
46 24 1
46 25 1
46 30 1
46 38 1
46 51 1
46 52 1
46 60 1
47 44 1
47 50 1
48 1 1
48 11 1
48 21 1
48 29 1
48 31 1
48 43 1
49 58 1
50 35 1
50 47 1
51 15 1
51 17 1
51 21 1
51 34 1
51 43 1
51 46 1
51 52 1
52 5 1
52 12 1
52 19 1
52 22 1
52 24 1
52 25 1
52 30 1
52 46 1
52 51 1
52 56 1
53 15 1
53 30 1
53 39 1
53 41 1
54 44 1
54 62 1
55 2 1
55 7 1
55 8 1
55 14 1
55 20 1
55 42 1
55 58 1
56 16 1
56 52 1
57 6 1
57 7 1
58 6 1
58 7 1
58 10 1
58 14 1
58 18 1
58 40 1
58 42 1
58 49 1
58 55 1
59 39 1
60 4 1
60 9 1
60 16 1
60 37 1
60 46 1
61 33 1
62 3 1
62 38 1
62 54 1
