1 950 1
3 65 1
3 1004 1
3 1510 1
4 12 1
4 310 1
4 693 1
4 793 1
4 981 1
4 1459 1
4 2960 1
9 333 1
12 4 1
12 23 1
12 639 1
12 763 1
12 793 1
12 983 1
12 3782 1
12 4129 1
12 5243 1
12 5915 1
13 311 1
13 404 1
13 581 1
13 674 1
13 906 1
13 1097 1
13 5243 1
15 933 1
23 12 1
23 3200 1
23 4086 1
23 5511 1
24 383 1
24 1512 1
24 1804 1
25 1174 1
26 133 1
26 1168 1
26 1558 1
26 2834 1
28 48 1
28 1254 1
32 1016 1
32 1429 1
33 4881 1
35 693 1
36 1266 1
36 1591 1
36 1769 1
39 253 1
39 871 1
40 229 1
41 854 1
42 300 1
42 468 1
42 520 1
42 610 1
42 1019 1
42 1152 1
42 1275 1
42 1374 1
42 1413 1
42 1594 1
42 1740 1
42 1863 1
42 3368 1
42 3875 1
42 4725 1
45 46 1
45 789 1
45 4662 1
46 45 1
46 788 1
46 4662 1
47 1619 1
48 28 1
51 993 1
59 528 1
59 4634 1
61 1057 1
61 1536 1
62 187 1
62 207 1
62 729 1
63 574 1
64 676 1
65 3 1
65 678 1
67 1743 1
76 1271 1
76 1421 1
78 78 1
78 953 1
79 1203 1
80 130 1
80 280 1
80 397 1
80 472 1
80 866 1
80 897 1
80 1297 1
100 6242 1
106 136 1
106 256 1
106 1162 1
106 1408 1
106 1486 1
106 1585 1
106 3152 1
106 3463 1
108 807 1
116 1097 1
117 737 1
117 1121 1
118 215 1
120 1075 1
124 253 1
124 1478 1
130 80 1
130 280 1
130 472 1
130 866 1
130 897 1
130 1297 1
133 26 1
133 1068 1
133 1152 1
133 1168 1
133 1463 1
133 5062 1
136 106 1
136 554 1
136 1720 1
136 1769 1
136 2338 1
136 2960 1
138 1067 1
138 1657 1
140 262 1
141 461 1
141 1365 1
142 543 1
142 1410 1
142 1485 1
144 345 1
145 994 1
151 674 1
151 1019 1
152 1727 1
152 4654 1
153 304 1
153 1314 1
153 1855 1
153 5925 1
154 492 1
154 511 1
154 1181 1
156 2764 1
165 1727 1
165 2445 1
165 4654 1
166 232 1
166 455 1
166 456 1
166 572 1
166 726 1
166 1076 1
170 626 1
170 815 1
171 903 1
173 6242 1
174 3682 1
179 253 1
179 307 1
179 769 1
179 834 1
179 1067 1
179 1102 1
179 1233 1
179 1414 1
179 1869 1
179 2893 1
186 983 1
186 1279 1
186 1719 1
186 3782 1
187 62 1
187 207 1
187 729 1
198 861 1
198 4739 1
202 1278 1
204 531 1
204 552 1
204 819 1
204 1742 1
206 1084 1
207 62 1
207 187 1
209 557 1
209 751 1
209 1741 1
210 3569 1
212 492 1
212 511 1
212 718 1
214 1226 1
214 1378 1
215 118 1
216 6242 1
222 3569 1
224 595 1
225 950 1
229 40 1
232 166 1
235 888 1
237 5406 1
238 885 1
238 1373 1
239 529 1
253 39 1
253 124 1
253 179 1
253 1076 1
253 1311 1
253 1327 1
256 106 1
256 1162 1
256 1408 1
256 1486 1
256 1585 1
256 6242 1
262 140 1
265 545 1
269 685 1
269 1098 1
269 1558 1
272 1616 1
272 3908 1
273 273 1
273 307 1
273 408 1
273 460 1
273 623 1
273 750 1
273 778 1
273 966 1
273 973 1
273 1016 1
273 1111 1
273 1346 1
273 1831 1
273 1840 1
273 3081 1
273 4479 1
273 4947 1
273 5255 1
273 5915 1
278 3533 1
280 80 1
280 130 1
280 866 1
280 897 1
280 1297 1
280 1401 1
283 990 1
283 1759 1
283 3408 1
286 312 1
286 1264 1
298 5611 1
299 693 1
300 42 1
303 4654 1
304 153 1
304 1592 1
307 179 1
307 273 1
307 682 1
307 898 1
307 973 1
307 1446 1
307 1456 1
307 2710 1
307 3463 1
308 320 1
310 4 1
311 13 1
311 331 1
311 436 1
311 922 1
311 1097 1
311 1181 1
311 5255 1
312 286 1
312 1325 1
312 2002 1
320 308 1
320 580 1
320 922 1
320 990 1
320 1248 1
320 1536 1
320 1565 1
320 1774 1
320 4134 1
321 344 1
321 1445 1
321 4722 1
321 5212 1
321 6230 1
324 549 1
324 1429 1
331 311 1
331 718 1
331 1051 1
331 1111 1
331 1549 1
331 1571 1
331 1717 1
331 1795 1
331 5612 1
332 681 1
332 990 1
332 1536 1
332 1546 1
332 1555 1
332 1624 1
332 1759 1
332 3408 1
332 3448 1
332 5850 1
333 9 1
333 394 1
333 1097 1
333 1112 1
333 1155 1
333 1181 1
333 1216 1
333 1417 1
333 1425 1
333 1587 1
333 1708 1
333 1774 1
333 1783 1
333 2050 1
333 2093 1
333 2565 1
333 2852 1
333 3272 1
333 3402 1
333 4579 1
339 4907 1
341 1075 1
344 321 1
344 1445 1
345 144 1
345 844 1
351 1189 1
352 474 1
352 874 1
352 875 1
352 1702 1
353 1082 1
353 5567 1
354 913 1
354 1244 1
355 407 1
355 2669 1
357 503 1
362 481 1
366 1867 1
368 1264 1
369 641 1
369 904 1
369 1469 1
381 623 1
381 1016 1
383 24 1
383 1512 1
383 1804 1
384 874 1
384 1318 1
384 1339 1
384 4554 1
385 1402 1
387 3200 1
387 5511 1
394 333 1
394 1544 1
397 80 1
397 1757 1
404 13 1
404 1097 1
407 355 1
408 273 1
409 974 1
409 1438 1
424 674 1
424 1097 1
424 1478 1
425 2960 1
429 514 1
434 906 1
436 311 1
436 580 1
436 922 1
436 1429 1
436 3135 1
444 919 1
444 1048 1
444 1089 1
444 1104 1
444 1378 1
444 1757 1
444 1813 1
450 849 1
452 579 1
452 1378 1
452 1429 1
454 3200 1
455 166 1
456 166 1
460 273 1
460 778 1
460 1097 1
460 1769 1
460 1831 1
460 2960 1
461 141 1
461 807 1
461 4654 1
462 989 1
464 1513 1
464 2038 1
468 42 1
472 80 1
472 130 1
472 802 1
472 845 1
472 866 1
472 892 1
472 897 1
472 1297 1
473 549 1
473 1735 1
474 352 1
474 874 1
474 875 1
474 1702 1
477 906 1
481 362 1
481 689 1
481 769 1
481 2751 1
488 788 1
488 789 1
488 1289 1
488 1588 1
488 4662 1
492 154 1
492 212 1
492 511 1
492 1240 1
492 1571 1
492 3537 1
493 903 1
501 575 1
501 964 1
502 551 1
502 801 1
503 357 1
504 1620 1
509 591 1
511 154 1
511 212 1
511 492 1
511 1240 1
511 1571 1
511 3537 1
512 579 1
512 912 1
512 1337 1
514 429 1
520 42 1
520 2264 1
520 3044 1
520 3875 1
525 525 1
525 620 1
525 1691 1
528 59 1
529 239 1
530 865 1
531 204 1
531 1742 1
533 598 1
542 5513 1
543 142 1
545 265 1
549 324 1
549 473 1
549 910 1
549 1468 1
551 502 1
551 577 1
551 801 1
551 1358 1
551 1511 1
551 1657 1
551 2183 1
552 204 1
552 989 1
552 5603 1
554 136 1
556 906 1
557 209 1
557 751 1
572 166 1
574 63 1
575 501 1
577 551 1
579 452 1
579 512 1
580 320 1
580 436 1
580 922 1
580 4134 1
581 13 1
583 4506 1
583 4947 1
584 1205 1
584 4549 1
590 1845 1
591 509 1
591 1634 1
593 1244 1
595 224 1
598 533 1
598 598 1
598 890 1
598 1424 1
604 1343 1
605 1594 1
610 42 1
610 3516 1
610 3569 1
616 3742 1
618 3563 1
618 4867 1
620 525 1
620 620 1
620 1402 1
623 273 1
623 381 1
623 1016 1
623 1251 1
623 2752 1
626 170 1
626 815 1
627 1212 1
631 2435 1
637 693 1
637 799 1
637 882 1
639 12 1
639 693 1
641 369 1
654 1757 1
654 1813 1
654 5904 1
655 3855 1
655 5910 1
667 1274 1
671 1240 1
671 1346 1
671 1416 1
671 1571 1
671 1626 1
671 1705 1
671 1709 1
672 981 1
674 13 1
674 151 1
674 424 1
674 1097 1
674 2050 1
674 3345 1
674 5243 1
676 64 1
678 65 1
678 1004 1
680 872 1
681 332 1
681 2565 1
682 307 1
682 932 1
682 1434 1
683 802 1
685 269 1
685 1098 1
685 1410 1
685 1558 1
688 5852 1
689 481 1
689 849 1
689 1455 1
689 3772 1
689 5205 1
689 5367 1
689 5743 1
693 4 1
693 35 1
693 299 1
693 637 1
693 639 1
693 693 1
693 799 1
693 882 1
693 981 1
695 5982 1
697 1174 1
702 1075 1
702 1563 1
702 1594 1
703 1402 1
707 1328 1
708 2751 1
708 3772 1
711 1075 1
711 1594 1
718 212 1
718 331 1
718 724 1
718 750 1
718 1051 1
718 1111 1
718 1251 1
718 1571 1
718 1717 1
718 1840 1
718 2145 1
718 3081 1
718 3537 1
718 5612 1
719 1112 1
724 718 1
724 1251 1
724 3081 1
725 1068 1
725 1168 1
726 166 1
727 1741 1
729 62 1
729 187 1
730 1296 1
737 117 1
737 2024 1
741 1084 1
741 4173 1
743 3533 1
745 1075 1
750 273 1
750 718 1
750 3081 1
751 209 1
751 557 1
752 5716 1
762 793 1
762 981 1
763 12 1
763 983 1
763 3782 1
768 931 1
769 179 1
769 481 1
769 1769 1
769 2751 1
770 1518 1
776 1815 1
778 273 1
778 460 1
778 1251 1
778 1831 1
778 2752 1
786 943 1
788 46 1
788 488 1
788 789 1
788 4662 1
789 45 1
789 488 1
789 788 1
789 4662 1
793 4 1
793 12 1
793 762 1
793 981 1
799 637 1
799 693 1
799 857 1
800 1014 1
800 4872 1
801 502 1
801 551 1
801 1427 1
802 472 1
802 683 1
802 989 1
802 1008 1
806 833 1
806 884 1
806 1025 1
807 108 1
807 461 1
807 4654 1
807 4867 1
807 5914 1
815 170 1
815 626 1
819 204 1
820 1485 1
829 829 1
833 806 1
833 1025 1
833 1377 1
834 179 1
834 974 1
844 345 1
845 472 1
847 1075 1
849 450 1
849 689 1
853 919 1
853 1070 1
853 1757 1
853 1813 1
854 41 1
857 799 1
861 198 1
865 530 1
866 80 1
866 130 1
866 280 1
866 472 1
866 1297 1
871 39 1
872 680 1
872 1591 1
872 3063 1
873 1318 1
873 1364 1
874 352 1
874 384 1
874 474 1
874 875 1
874 1268 1
874 1702 1
874 1798 1
874 5905 1
875 352 1
875 474 1
875 874 1
875 1702 1
879 1173 1
879 1181 1
879 1216 1
879 2977 1
882 637 1
882 693 1
884 806 1
885 238 1
888 235 1
890 598 1
892 472 1
892 2106 1
893 1719 1
894 1244 1
894 1263 1
897 80 1
897 130 1
897 280 1
897 472 1
897 1297 1
897 6433 1
898 307 1
903 171 1
903 493 1
904 369 1
906 13 1
906 434 1
906 477 1
906 556 1
906 5243 1
910 549 1
912 512 1
912 1089 1
912 1127 1
912 6124 1
913 354 1
914 1627 1
916 1402 1
916 1514 1
919 444 1
919 853 1
919 1070 1
919 1170 1
919 1289 1
919 1378 1
919 1472 1
919 1719 1
919 1757 1
922 311 1
922 320 1
922 436 1
922 580 1
922 1075 1
922 1185 1
922 1330 1
922 1565 1
922 1700 1
922 1851 1
922 4000 1
922 4134 1
931 768 1
932 682 1
932 1434 1
933 15 1
943 786 1
950 1 1
950 225 1
950 1214 1
951 1217 1
951 1785 1
953 78 1
953 5331 1
958 2904 1
958 3063 1
964 501 1
964 1365 1
964 5956 1
966 273 1
972 1568 1
973 273 1
973 307 1
974 409 1
974 834 1
974 1324 1
974 1577 1
974 1870 1
974 5891 1
981 4 1
981 672 1
981 693 1
981 762 1
981 793 1
982 1619 1
983 12 1
983 186 1
983 763 1
983 3782 1
989 462 1
989 552 1
989 802 1
990 283 1
990 320 1
990 332 1
991 6349 1
993 51 1
993 1687 1
993 3092 1
994 145 1
998 1688 1
998 1805 1
1004 3 1
1004 678 1
1008 802 1
1014 800 1
1014 2038 1
1016 32 1
1016 273 1
1016 381 1
1016 623 1
1016 1663 1
1019 42 1
1019 151 1
1019 2050 1
1019 4579 1
1020 1545 1
1025 806 1
1025 833 1
1033 2395 1
1034 2395 1
1035 1211 1
1035 1271 1
1035 1377 1
1035 1693 1
1036 1146 1
1036 1392 1
1036 1505 1
1036 1631 1
1037 1152 1
1037 1616 1
1037 1740 1
1037 2023 1
1038 1057 1
1038 1230 1
1038 1801 1
1038 1839 1
1038 3167 1
1038 4000 1
1043 1416 1
1043 1429 1
1043 1549 1
1043 1705 1
1044 1471 1
1044 1616 1
1044 1732 1
1044 1814 1
1045 1559 1
1045 1638 1
1045 1820 1
1046 1122 1
1046 1216 1
1046 1446 1
1046 1783 1
1047 1452 1
1048 444 1
1048 1447 1
1049 1419 1
1049 1683 1
1050 1071 1
1051 331 1
1051 718 1
1057 61 1
1057 1038 1
1057 1387 1
1057 1536 1
1057 1556 1
1057 1662 1
1057 1759 1
1057 1771 1
1057 4000 1
1062 1125 1
1062 1180 1
1062 1288 1
1062 1331 1
1062 1415 1
1062 1501 1
1062 1711 1
1066 1167 1
1066 1227 1
1067 138 1
1067 179 1
1068 133 1
1068 725 1
1068 1558 1
1068 1724 1
1068 1848 1
1069 1688 1
1069 1805 1
1070 853 1
1070 919 1
1070 1096 1
1070 1183 1
1070 1186 1
1070 1189 1
1070 1217 1
1070 1226 1
1070 1310 1
1070 1378 1
1070 1551 1
1070 1674 1
1070 1719 1
1070 1757 1
1070 1843 1
1071 1050 1
1072 1073 1
1072 1207 1
1072 1485 1
1073 1072 1
1073 1787 1
1074 1161 1
1074 1241 1
1074 1393 1
1074 1802 1
1074 2982 1
1075 120 1
1075 341 1
1075 702 1
1075 711 1
1075 745 1
1075 847 1
1075 922 1
1075 1210 1
1075 2106 1
1076 166 1
1076 253 1
1076 1121 1
1076 1429 1
1076 5567 1
1077 1483 1
1077 1563 1
1081 1339 1
1081 1772 1
1082 353 1
1082 1082 1
1082 1171 1
1082 1332 1
1082 1629 1
1082 1680 1
1082 2546 1
1084 206 1
1084 741 1
1088 1403 1
1088 1447 1
1089 444 1
1089 912 1
1096 1070 1
1096 1183 1
1096 1186 1
1096 1189 1
1096 1217 1
1096 1226 1
1096 1310 1
1096 1378 1
1096 1551 1
1096 1674 1
1096 1757 1
1096 1843 1
1097 13 1
1097 116 1
1097 311 1
1097 333 1
1097 404 1
1097 424 1
1097 460 1
1097 674 1
1097 1155 1
1097 5243 1
1098 269 1
1098 685 1
1098 1098 1
1098 1558 1
1098 2834 1
1102 179 1
1102 1128 1
1102 1130 1
1102 1170 1
1102 1478 1
1104 444 1
1104 1178 1
1104 1200 1
1104 1220 1
1104 1232 1
1104 1363 1
1104 1536 1
1104 1624 1
1104 1667 1
1104 1773 1
1109 1378 1
1109 1757 1
1109 1827 1
1110 1263 1
1111 273 1
1111 331 1
1111 718 1
1111 1251 1
1111 2752 1
1111 2960 1
1112 333 1
1112 719 1
1116 2777 1
1116 3402 1
1116 5786 1
1118 1186 1
1120 1289 1
1120 1588 1
1121 117 1
1121 1076 1
1121 2024 1
1121 3297 1
1122 1046 1
1122 1181 1
1122 1216 1
1122 1708 1
1122 1720 1
1123 1656 1
1123 1701 1
1123 1749 1
1124 1258 1
1124 1426 1
1124 3784 1
1125 1062 1
1125 1180 1
1125 1288 1
1125 1711 1
1126 1570 1
1126 1799 1
1126 3099 1
1126 5914 1
1127 912 1
1127 1293 1
1127 1419 1
1127 1435 1
1128 1102 1
1128 1130 1
1128 1478 1
1128 1632 1
1128 1648 1
1128 1961 1
1128 4999 1
1128 5565 1
1130 1102 1
1130 1128 1
1130 1302 1
1130 1362 1
1130 1478 1
1130 1508 1
1130 1648 1
1130 1687 1
1130 3062 1
1130 4109 1
1139 1173 1
1140 1593 1
1143 1500 1
1144 1515 1
1146 1036 1
1146 1392 1
1146 1455 1
1146 1636 1
1152 42 1
1152 133 1
1152 1037 1
1152 1740 1
1152 4576 1
1153 2038 1
1154 1226 1
1155 333 1
1155 1097 1
1159 1438 1
1159 1573 1
1161 1074 1
1161 1393 1
1161 1458 1
1161 2982 1
1162 106 1
1162 256 1
1162 1408 1
1163 1767 1
1164 1172 1
1164 1264 1
1164 1616 1
1167 1066 1
1168 26 1
1168 133 1
1168 725 1
1168 1168 1
1170 919 1
1170 1102 1
1171 1082 1
1171 1629 1
1171 1680 1
1172 1164 1
1172 1616 1
1173 879 1
1173 1139 1
1174 25 1
1174 697 1
1175 1334 1
1175 1343 1
1176 1656 1
1176 1701 1
1176 1749 1
1178 1104 1
1178 1200 1
1178 1220 1
1178 1232 1
1178 1363 1
1178 1536 1
1178 1624 1
1178 1667 1
1178 1773 1
1178 3314 1
1179 1353 1
1180 1062 1
1180 1125 1
1180 1288 1
1180 1331 1
1180 1415 1
1180 1501 1
1180 1711 1
1181 154 1
1181 311 1
1181 333 1
1181 879 1
1181 1122 1
1181 1216 1
1181 1425 1
1181 1497 1
1181 1720 1
1181 3699 1
1181 4844 1
1182 1650 1
1182 1702 1
1182 1742 1
1182 5816 1
1183 1070 1
1183 1096 1
1183 1186 1
1183 1189 1
1183 1217 1
1183 1226 1
1183 1310 1
1183 1378 1
1183 1551 1
1183 1674 1
1183 1757 1
1183 1843 1
1184 3063 1
1185 922 1
1185 1565 1
1186 1070 1
1186 1096 1
1186 1118 1
1186 1183 1
1186 1186 1
1186 1189 1
1186 1217 1
1186 1226 1
1186 1271 1
1186 1310 1
1186 1378 1
1186 1381 1
1186 1551 1
1186 1612 1
1186 1628 1
1186 1674 1
1186 1757 1
1186 1827 1
1186 1843 1
1187 1478 1
1187 2565 1
1189 351 1
1189 1070 1
1189 1096 1
1189 1183 1
1189 1186 1
1189 1217 1
1189 1226 1
1189 1310 1
1189 1378 1
1189 1551 1
1189 1674 1
1189 1757 1
1189 1843 1
1189 4449 1
1191 1267 1
1191 4949 1
1191 6004 1
1194 1445 1
1194 1531 1
1196 1226 1
1196 1275 1
1196 1301 1
1196 1640 1
1196 1792 1
1196 4795 1
1196 6319 1
1198 1292 1
1200 1104 1
1200 1178 1
1200 1220 1
1200 1232 1
1200 1363 1
1200 1536 1
1200 1624 1
1200 1667 1
1200 1773 1
1203 79 1
1204 1489 1
1204 1560 1
1204 1578 1
1204 4643 1
1204 5406 1
1205 584 1
1205 1502 1
1205 5850 1
1207 1072 1
1207 1279 1
1207 1606 1
1207 3782 1
1210 1075 1
1210 1210 1
1210 1416 1
1210 1504 1
1210 1705 1
1211 1035 1
1212 627 1
1212 1334 1
1212 5769 1
1213 1668 1
1214 950 1
1216 333 1
1216 879 1
1216 1046 1
1216 1122 1
1216 1181 1
1216 1708 1
1216 1720 1
1216 3402 1
1217 951 1
1217 1070 1
1217 1096 1
1217 1183 1
1217 1186 1
1217 1189 1
1217 1226 1
1217 1271 1
1217 1310 1
1217 1378 1
1217 1506 1
1217 1551 1
1217 1674 1
1217 1757 1
1217 1785 1
1217 1843 1
1218 1273 1
1220 1104 1
1220 1178 1
1220 1200 1
1220 1232 1
1220 1363 1
1220 1536 1
1220 1624 1
1220 1667 1
1220 1773 1
1223 1654 1
1223 1805 1
1224 5282 1
1224 5367 1
1226 214 1
1226 1070 1
1226 1096 1
1226 1154 1
1226 1183 1
1226 1186 1
1226 1189 1
1226 1196 1
1226 1217 1
1226 1271 1
1226 1310 1
1226 1378 1
1226 1551 1
1226 1674 1
1226 1757 1
1226 1843 1
1227 1066 1
1230 1038 1
1230 1662 1
1230 3408 1
1232 1104 1
1232 1178 1
1232 1200 1
1232 1220 1
1232 1363 1
1232 1536 1
1232 1624 1
1232 1667 1
1232 1773 1
1233 179 1
1233 1869 1
1236 1577 1
1236 1766 1
1236 2641 1
1239 1295 1
1239 1655 1
1239 3609 1
1239 4874 1
1239 5861 1
1240 492 1
1240 511 1
1240 671 1
1240 1346 1
1240 1571 1
1240 1626 1
1240 1709 1
1241 1074 1
1241 1393 1
1242 1267 1
1242 4949 1
1244 354 1
1244 593 1
1244 894 1
1244 1249 1
1244 1274 1
1246 1810 1
1248 320 1
1248 1565 1
1248 1774 1
1249 1244 1
1249 1291 1
1251 623 1
1251 718 1
1251 724 1
1251 778 1
1251 1111 1
1252 1648 1
1254 28 1
1256 4354 1
1257 2960 1
1257 5475 1
1258 1124 1
1263 894 1
1263 1110 1
1264 286 1
1264 368 1
1264 1164 1
1264 1513 1
1264 1616 1
1266 36 1
1266 1429 1
1266 1459 1
1266 1631 1
1266 1769 1
1267 1191 1
1267 1242 1
1267 1507 1
1267 1636 1
1267 2960 1
1267 4949 1
1268 874 1
1268 1576 1
1268 1782 1
1268 2290 1
1268 4576 1
1268 4795 1
1268 5612 1
1268 6339 1
1270 3406 1
1271 76 1
1271 1035 1
1271 1186 1
1271 1217 1
1271 1226 1
1271 1377 1
1271 1381 1
1271 1506 1
1271 1757 1
1271 1785 1
1271 1855 1
1271 2319 1
1273 1218 1
1274 667 1
1274 1244 1
1274 1483 1
1275 42 1
1275 1196 1
1275 1275 1
1275 1301 1
1275 1302 1
1275 1362 1
1275 1474 1
1275 1489 1
1275 1640 1
1275 1756 1
1275 2756 1
1275 5338 1
1275 5650 1
1276 1429 1
1276 5567 1
1278 202 1
1278 1445 1
1278 1554 1
1278 4437 1
1278 4834 1
1278 4956 1
1279 186 1
1279 1207 1
1279 1477 1
1279 2038 1
1279 3782 1
1283 1455 1
1283 1631 1
1283 1651 1
1283 5850 1
1283 5979 1
1284 1794 1
1287 1719 1
1288 1062 1
1288 1125 1
1288 1180 1
1288 1331 1
1288 1415 1
1288 1501 1
1288 1711 1
1289 488 1
1289 919 1
1289 1120 1
1289 1289 1
1289 3925 1
1291 1249 1
1292 1198 1
1293 1127 1
1293 1419 1
1293 1435 1
1295 1239 1
1295 1655 1
1296 730 1
1296 5592 1
1297 80 1
1297 130 1
1297 280 1
1297 472 1
1297 866 1
1297 897 1
1297 5852 1
1297 6139 1
1301 1196 1
1301 1275 1
1301 1640 1
1301 1754 1
1301 5406 1
1302 1130 1
1302 1275 1
1302 1362 1
1302 1756 1
1305 1758 1
1306 5205 1
1306 6004 1
1310 1070 1
1310 1096 1
1310 1183 1
1310 1186 1
1310 1189 1
1310 1217 1
1310 1226 1
1310 1378 1
1310 1551 1
1310 1674 1
1310 1757 1
1310 1843 1
1310 2640 1
1311 253 1
1311 1327 1
1311 3987 1
1314 153 1
1314 1837 1
1315 1836 1
1318 384 1
1318 873 1
1319 1500 1
1320 1356 1
1320 4549 1
1320 6004 1
1322 3406 1
1324 974 1
1324 1438 1
1325 312 1
1325 1575 1
1325 2418 1
1325 2834 1
1326 1364 1
1326 1566 1
1326 3059 1
1327 253 1
1327 1311 1
1328 707 1
1328 1565 1
1328 1771 1
1329 5861 1
1330 922 1
1330 1565 1
1331 1062 1
1331 1180 1
1331 1288 1
1331 1711 1
1332 1082 1
1334 1175 1
1334 1212 1
1337 512 1
1337 1594 1
1339 384 1
1339 1081 1
1339 1377 1
1339 1693 1
1342 1406 1
1343 604 1
1343 1175 1
1343 1526 1
1343 4579 1
1343 6339 1
1346 273 1
1346 671 1
1346 1240 1
1346 1571 1
1346 1626 1
1346 1709 1
1346 1795 1
1347 1698 1
1353 1179 1
1356 1320 1
1356 1455 1
1356 1674 1
1356 3063 1
1356 6004 1
1358 551 1
1358 1511 1
1358 1644 1
1362 1130 1
1362 1275 1
1362 1302 1
1362 1467 1
1362 1756 1
1363 1104 1
1363 1178 1
1363 1200 1
1363 1220 1
1363 1232 1
1363 1536 1
1363 1667 1
1363 1667 1
1363 1773 1
1364 873 1
1364 1326 1
1364 3059 1
1364 3686 1
1365 141 1
1365 964 1
1365 1453 1
1373 238 1
1374 42 1
1374 1413 1
1377 833 1
1377 1035 1
1377 1271 1
1377 1339 1
1378 214 1
1378 444 1
1378 452 1
1378 919 1
1378 1070 1
1378 1096 1
1378 1109 1
1378 1183 1
1378 1186 1
1378 1189 1
1378 1217 1
1378 1226 1
1378 1310 1
1378 1551 1
1378 1674 1
1378 1719 1
1378 1757 1
1378 1813 1
1378 1843 1
1381 1186 1
1381 1271 1
1381 1506 1
1381 1785 1
1386 1986 1
1387 1057 1
1387 1546 1
1389 1407 1
1392 1036 1
1392 1146 1
1392 1481 1
1392 1505 1
1393 1074 1
1393 1161 1
1393 1241 1
1396 1469 1
1401 280 1
1402 385 1
1402 620 1
1402 703 1
1402 916 1
1402 1514 1
1403 1088 1
1406 1342 1
1407 1389 1
1407 2448 1
1407 3284 1
1407 4679 1
1408 106 1
1408 256 1
1408 1162 1
1408 1486 1
1408 1563 1
1408 1585 1
1408 2038 1
1408 2050 1
1408 2517 1
1410 142 1
1410 685 1
1410 1477 1
1410 1501 1
1413 42 1
1413 1374 1
1413 1413 1
1413 3152 1
1413 3272 1
1414 179 1
1415 1062 1
1415 1180 1
1415 1288 1
1415 1711 1
1416 671 1
1416 1043 1
1416 1210 1
1416 1705 1
1417 333 1
1418 4177 1
1419 1049 1
1419 1127 1
1419 1293 1
1421 76 1
1421 1438 1
1421 1536 1
1421 1624 1
1421 1870 1
1421 3448 1
1424 598 1
1425 333 1
1425 1181 1
1425 3699 1
1426 1124 1
1427 801 1
1427 4466 1
1428 4354 1
1429 32 1
1429 324 1
1429 436 1
1429 452 1
1429 1043 1
1429 1076 1
1429 1266 1
1429 1276 1
1429 1607 1
1429 1715 1
1429 1741 1
1429 1813 1
1429 2002 1
1429 3921 1
1429 4109 1
1429 4437 1
1432 1565 1
1432 1851 1
1434 682 1
1434 932 1
1435 1127 1
1435 1293 1
1438 409 1
1438 1159 1
1438 1324 1
1438 1421 1
1438 1577 1
1438 1870 1
1439 4354 1
1439 4949 1
1439 5205 1
1439 5367 1
1441 4354 1
1445 321 1
1445 344 1
1445 1194 1
1445 1278 1
1445 1648 1
1445 1831 1
1445 3331 1
1445 6139 1
1446 307 1
1446 1046 1
1446 2338 1
1446 3059 1
1447 1048 1
1447 1088 1
1452 1047 1
1453 1365 1
1455 689 1
1455 1146 1
1455 1283 1
1455 1356 1
1455 1459 1
1455 1526 1
1455 4354 1
1455 4368 1
1456 307 1
1457 1469 1
1458 1161 1
1458 2982 1
1458 6401 1
1459 4 1
1459 1266 1
1459 1455 1
1463 133 1
1467 1362 1
1467 1534 1
1467 4002 1
1468 549 1
1468 1735 1
1469 369 1
1469 1396 1
1469 1457 1
1469 1765 1
1471 1044 1
1471 1616 1
1471 1732 1
1472 919 1
1474 1275 1
1477 1279 1
1477 1410 1
1478 124 1
1478 424 1
1478 1102 1
1478 1128 1
1478 1130 1
1478 1187 1
1478 1554 1
1478 1869 1
1481 1392 1
1481 5367 1
1481 5996 1
1483 1077 1
1483 1274 1
1485 142 1
1485 820 1
1485 1072 1
1485 1787 1
1486 106 1
1486 256 1
1486 1408 1
1489 1204 1
1489 1275 1
1489 1560 1
1489 1578 1
1489 1640 1
1489 4643 1
1489 5406 1
1497 1181 1
1498 1508 1
1498 1719 1
1498 5513 1
1500 1143 1
1500 1319 1
1501 1062 1
1501 1180 1
1501 1288 1
1501 1410 1
1501 1711 1
1502 1205 1
1502 1535 1
1503 1545 1
1504 1210 1
1505 1036 1
1505 1392 1
1506 1217 1
1506 1271 1
1506 1381 1
1506 1785 1
1506 3330 1
1507 1267 1
1507 1636 1
1507 4949 1
1507 5205 1
1507 6004 1
1508 1130 1
1508 1498 1
1508 1813 1
1510 3 1
1511 551 1
1511 1358 1
1511 1657 1
1512 24 1
1512 383 1
1512 1804 1
1513 464 1
1513 1264 1
1513 1616 1
1514 916 1
1514 1402 1
1515 1144 1
1517 2219 1
1518 770 1
1518 1518 1
1518 3326 1
1519 2219 1
1525 1662 1
1525 3448 1
1526 1343 1
1526 1455 1
1526 1911 1
1531 1194 1
1534 1467 1
1534 1756 1
1534 1865 1
1535 1502 1
1536 61 1
1536 320 1
1536 332 1
1536 1057 1
1536 1104 1
1536 1178 1
1536 1200 1
1536 1220 1
1536 1232 1
1536 1363 1
1536 1421 1
1536 1546 1
1536 1577 1
1536 1624 1
1536 1667 1
1536 1727 1
1536 1773 1
1536 2345 1
1536 4134 1
1542 2219 1
1544 394 1
1545 1020 1
1545 1503 1
1545 1545 1
1546 332 1
1546 1387 1
1546 1536 1
1546 1577 1
1546 1662 1
1546 2149 1
1546 2345 1
1546 2808 1
1549 331 1
1549 1043 1
1549 1549 1
1551 1070 1
1551 1096 1
1551 1183 1
1551 1186 1
1551 1189 1
1551 1217 1
1551 1226 1
1551 1310 1
1551 1378 1
1551 1674 1
1554 1278 1
1554 1478 1
1555 332 1
1555 1577 1
1555 1624 1
1556 1057 1
1556 1771 1
1558 26 1
1558 269 1
1558 685 1
1558 1068 1
1558 1098 1
1559 1045 1
1559 1638 1
1559 1820 1
1560 1204 1
1560 1489 1
1560 1578 1
1560 5406 1
1563 702 1
1563 1077 1
1563 1408 1
1563 2622 1
1563 3152 1
1563 4056 1
1563 4548 1
1563 4699 1
1564 1603 1
1564 1672 1
1564 1817 1
1565 320 1
1565 922 1
1565 1185 1
1565 1248 1
1565 1328 1
1565 1330 1
1565 1432 1
1565 1851 1
1565 3167 1
1565 4000 1
1566 1326 1
1568 972 1
1569 4987 1
1570 1126 1
1570 1799 1
1571 331 1
1571 492 1
1571 511 1
1571 671 1
1571 718 1
1571 1240 1
1571 1346 1
1571 1626 1
1571 1705 1
1571 1709 1
1571 1795 1
1573 1159 1
1573 5709 1
1574 3671 1
1575 1325 1
1575 3039 1
1576 1268 1
1576 4576 1
1576 4795 1
1577 974 1
1577 1236 1
1577 1438 1
1577 1536 1
1577 1546 1
1577 1555 1
1577 1766 1
1577 2641 1
1577 3448 1
1578 1204 1
1578 1489 1
1578 1560 1
1578 4643 1
1578 5406 1
1585 106 1
1585 256 1
1585 1408 1
1587 333 1
1587 1587 1
1587 1648 1
1587 2050 1
1587 3152 1
1587 4086 1
1588 488 1
1588 1120 1
1588 2515 1
1591 36 1
1591 872 1
1591 2960 1
1591 3330 1
1591 5205 1
1592 304 1
1592 1783 1
1593 1140 1
1594 42 1
1594 605 1
1594 702 1
1594 711 1
1594 1337 1
1603 1564 1
1603 1672 1
1603 1771 1
1603 1817 1
1606 1207 1
1607 1429 1
1612 1186 1
1616 272 1
1616 1037 1
1616 1044 1
1616 1164 1
1616 1172 1
1616 1264 1
1616 1471 1
1616 1513 1
1616 1732 1
1616 4616 1
1619 47 1
1619 982 1
1620 504 1
1622 4088 1
1624 332 1
1624 1104 1
1624 1178 1
1624 1200 1
1624 1220 1
1624 1232 1
1624 1421 1
1624 1536 1
1624 1555 1
1624 1667 1
1624 1773 1
1624 5260 1
1624 5987 1
1626 671 1
1626 1240 1
1626 1346 1
1626 1571 1
1626 1626 1
1626 1709 1
1627 914 1
1627 1814 1
1627 3260 1
1628 1186 1
1628 6312 1
1629 1082 1
1629 1171 1
1629 1629 1
1629 1680 1
1631 1036 1
1631 1266 1
1631 1283 1
1631 1651 1
1632 1128 1
1634 591 1
1636 1146 1
1636 1267 1
1636 1507 1
1636 4949 1
1636 5205 1
1636 6004 1
1638 1045 1
1638 1559 1
1638 1820 1
1640 1196 1
1640 1275 1
1640 1301 1
1640 1489 1
1640 1640 1
1640 1754 1
1640 4643 1
1640 5406 1
1642 5513 1
1644 1358 1
1644 5792 1
1644 6429 1
1645 1685 1
1645 4130 1
1648 1128 1
1648 1130 1
1648 1252 1
1648 1445 1
1648 1587 1
1648 1668 1
1648 3884 1
1650 1182 1
1650 1832 1
1651 1283 1
1651 1631 1
1654 1223 1
1654 1688 1
1654 1805 1
1655 1239 1
1655 1295 1
1655 5861 1
1656 1123 1
1656 1176 1
1656 1701 1
1656 1749 1
1657 138 1
1657 551 1
1657 1511 1
1657 1657 1
1658 4000 1
1662 1057 1
1662 1230 1
1662 1525 1
1662 1546 1
1662 1743 1
1662 1759 1
1662 1771 1
1663 1016 1
1665 1698 1
1667 1104 1
1667 1178 1
1667 1200 1
1667 1220 1
1667 1232 1
1667 1363 1
1667 1363 1
1667 1536 1
1667 1624 1
1667 1773 1
1668 1213 1
1668 1648 1
1668 1668 1
1668 1722 1
1668 6139 1
1672 1564 1
1672 1603 1
1672 1817 1
1674 1070 1
1674 1096 1
1674 1183 1
1674 1186 1
1674 1189 1
1674 1217 1
1674 1226 1
1674 1310 1
1674 1356 1
1674 1378 1
1674 1551 1
1674 1757 1
1674 1843 1
1680 1082 1
1680 1171 1
1680 1629 1
1680 1680 1
1683 1049 1
1685 1645 1
1685 4130 1
1685 4503 1
1687 993 1
1687 1130 1
1688 998 1
1688 1069 1
1688 1654 1
1688 1721 1
1688 1805 1
1689 6349 1
1691 525 1
1693 1035 1
1693 1339 1
1695 1805 1
1695 2858 1
1697 4354 1
1698 1347 1
1698 1665 1
1698 1704 1
1698 1706 1
1698 1760 1
1698 1861 1
1700 922 1
1700 2565 1
1700 5255 1
1701 1123 1
1701 1176 1
1701 1656 1
1701 1701 1
1701 1749 1
1702 352 1
1702 474 1
1702 874 1
1702 875 1
1702 1182 1
1702 6339 1
1704 1698 1
1705 671 1
1705 1043 1
1705 1210 1
1705 1416 1
1705 1571 1
1706 1698 1
1708 333 1
1708 1122 1
1708 1216 1
1708 2893 1
1709 671 1
1709 1240 1
1709 1346 1
1709 1571 1
1709 1626 1
1709 1795 1
1711 1062 1
1711 1125 1
1711 1180 1
1711 1288 1
1711 1331 1
1711 1415 1
1711 1501 1
1714 1793 1
1715 1429 1
1717 331 1
1717 718 1
1719 186 1
1719 893 1
1719 919 1
1719 1070 1
1719 1287 1
1719 1378 1
1719 1498 1
1719 1757 1
1719 1813 1
1719 5527 1
1719 5743 1
1719 5915 1
1720 136 1
1720 1122 1
1720 1181 1
1720 1216 1
1720 1720 1
1720 1774 1
1721 1688 1
1721 1805 1
1722 1668 1
1724 1068 1
1724 1848 1
1727 152 1
1727 165 1
1727 1536 1
1727 1811 1
1732 1044 1
1732 1471 1
1732 1616 1
1733 1741 1
1733 3569 1
1735 473 1
1735 1468 1
1735 6346 1
1740 42 1
1740 1037 1
1740 1152 1
1741 209 1
1741 727 1
1741 1429 1
1741 1733 1
1741 3569 1
1742 204 1
1742 531 1
1742 1182 1
1742 4722 1
1743 67 1
1743 1662 1
1743 1801 1
1749 1123 1
1749 1176 1
1749 1656 1
1749 1701 1
1754 1301 1
1754 1640 1
1754 3563 1
1754 6004 1
1755 4354 1
1756 1275 1
1756 1302 1
1756 1362 1
1756 1534 1
1756 1796 1
1756 4002 1
1757 397 1
1757 444 1
1757 654 1
1757 853 1
1757 919 1
1757 1070 1
1757 1096 1
1757 1109 1
1757 1183 1
1757 1186 1
1757 1189 1
1757 1217 1
1757 1226 1
1757 1271 1
1757 1310 1
1757 1378 1
1757 1674 1
1757 1719 1
1757 1813 1
1758 1305 1
1759 283 1
1759 332 1
1759 1057 1
1759 1662 1
1760 1698 1
1765 1469 1
1766 1236 1
1766 1577 1
1766 2641 1
1767 1163 1
1767 5861 1
1769 36 1
1769 136 1
1769 460 1
1769 769 1
1769 1266 1
1769 2960 1
1769 3330 1
1769 4354 1
1769 5205 1
1769 5367 1
1769 6004 1
1771 1057 1
1771 1328 1
1771 1556 1
1771 1603 1
1771 1662 1
1772 1081 1
1773 1104 1
1773 1178 1
1773 1200 1
1773 1220 1
1773 1232 1
1773 1363 1
1773 1536 1
1773 1624 1
1773 1667 1
1774 320 1
1774 333 1
1774 1248 1
1774 1720 1
1774 1851 1
1774 2050 1
1774 3142 1
1774 4000 1
1774 4134 1
1781 2545 1
1782 1268 1
1782 4576 1
1782 4795 1
1783 333 1
1783 1046 1
1783 1592 1
1785 951 1
1785 1217 1
1785 1271 1
1785 1381 1
1785 1506 1
1785 3330 1
1787 1073 1
1787 1485 1
1792 1196 1
1793 1714 1
1794 1284 1
1795 331 1
1795 1346 1
1795 1571 1
1795 1709 1
1795 5280 1
1796 1756 1
1798 874 1
1799 1126 1
1799 1570 1
1799 5914 1
1801 1038 1
1801 1743 1
1801 4000 1
1802 1074 1
1804 24 1
1804 383 1
1804 1512 1
1805 998 1
1805 1069 1
1805 1223 1
1805 1654 1
1805 1688 1
1805 1695 1
1805 1721 1
1805 1805 1
1810 1246 1
1811 1727 1
1813 444 1
1813 654 1
1813 853 1
1813 1378 1
1813 1429 1
1813 1508 1
1813 1719 1
1813 1757 1
1813 4506 1
1813 5513 1
1813 5567 1
1814 1044 1
1814 1627 1
1815 776 1
1817 1564 1
1817 1603 1
1817 1672 1
1820 1045 1
1820 1559 1
1820 1638 1
1821 5891 1
1824 1824 1
1824 2960 1
1827 1109 1
1827 1186 1
1831 273 1
1831 460 1
1831 778 1
1831 1445 1
1832 1650 1
1832 2960 1
1836 1315 1
1837 1314 1
1838 3569 1
1839 1038 1
1839 4000 1
1840 273 1
1840 718 1
1843 1070 1
1843 1096 1
1843 1183 1
1843 1186 1
1843 1189 1
1843 1217 1
1843 1226 1
1843 1310 1
1843 1378 1
1843 1674 1
1845 590 1
1848 1068 1
1848 1724 1
1851 922 1
1851 1432 1
1851 1565 1
1851 1774 1
1855 153 1
1855 1271 1
1861 1698 1
1863 42 1
1863 3368 1
1863 3667 1
1865 1534 1
1867 366 1
1869 179 1
1869 1233 1
1869 1478 1
1869 4699 1
1870 974 1
1870 1421 1
1870 1438 1
1911 1526 1
1911 3717 1
1934 3276 1
1934 4855 1
1934 5427 1
1937 4795 1
1960 6262 1
1961 1128 1
1986 1386 1
2002 312 1
2002 1429 1
2002 3671 1
2005 5891 1
2007 4560 1
2007 5233 1
2007 5462 1
2023 1037 1
2024 737 1
2024 1121 1
2035 3331 1
2038 464 1
2038 1014 1
2038 1153 1
2038 1279 1
2038 1408 1
2038 4872 1
2050 333 1
2050 674 1
2050 1019 1
2050 1408 1
2050 1587 1
2050 1774 1
2050 3142 1
2050 4331 1
2060 5359 1
2086 3963 1
2086 5280 1
2093 333 1
2106 892 1
2106 1075 1
2145 718 1
2149 1546 1
2183 551 1
2218 5037 1
2219 1517 1
2219 1519 1
2219 1542 1
2264 520 1
2275 4041 1
2275 4174 1
2290 1268 1
2290 4576 1
2290 4795 1
2290 5612 1
2290 6339 1
2295 5612 1
2319 1271 1
2338 136 1
2338 1446 1
2345 1536 1
2345 1546 1
2345 3448 1
2395 1033 1
2395 1034 1
2401 2545 1
2401 4576 1
2418 1325 1
2435 631 1
2445 165 1
2445 6240 1
2448 1407 1
2448 4330 1
2515 1588 1
2517 1408 1
2517 3345 1
2528 5982 1
2545 1781 1
2545 2401 1
2546 1082 1
2565 333 1
2565 681 1
2565 1187 1
2565 1700 1
2600 5612 1
2622 1563 1
2640 1310 1
2640 3563 1
2641 1236 1
2641 1577 1
2641 1766 1
2669 355 1
2669 6276 1
2672 3092 1
2675 2960 1
2684 4795 1
2684 5567 1
2684 5592 1
2710 307 1
2751 481 1
2751 708 1
2751 769 1
2752 623 1
2752 778 1
2752 1111 1
2756 1275 1
2764 156 1
2777 1116 1
2777 3402 1
2808 1546 1
2834 26 1
2834 1098 1
2834 1325 1
2852 333 1
2852 3055 1
2858 1695 1
2872 3063 1
2893 179 1
2893 1708 1
2904 958 1
2930 2930 1
2960 4 1
2960 136 1
2960 425 1
2960 460 1
2960 1111 1
2960 1257 1
2960 1267 1
2960 1591 1
2960 1769 1
2960 1824 1
2960 1832 1
2960 2675 1
2960 5162 1
2960 5205 1
2960 5743 1
2960 5776 1
2960 6349 1
2960 6443 1
2977 879 1
2977 4071 1
2982 1074 1
2982 1161 1
2982 1458 1
3039 1575 1
3039 4246 1
3044 520 1
3055 2852 1
3059 1326 1
3059 1364 1
3059 1446 1
3062 1130 1
3063 872 1
3063 958 1
3063 1184 1
3063 1356 1
3063 2872 1
3063 3772 1
3081 273 1
3081 718 1
3081 724 1
3081 750 1
3092 993 1
3092 2672 1
3093 3831 1
3099 1126 1
3135 436 1
3135 4000 1
3142 1774 1
3142 2050 1
3142 4331 1
3152 106 1
3152 1413 1
3152 1563 1
3152 1587 1
3167 1038 1
3167 1565 1
3167 3514 1
3200 23 1
3200 387 1
3200 454 1
3200 5511 1
3260 1627 1
3260 4411 1
3272 333 1
3272 1413 1
3276 1934 1
3276 4855 1
3276 5427 1
3284 1407 1
3284 4679 1
3297 1121 1
3314 1178 1
3326 1518 1
3330 1506 1
3330 1591 1
3330 1769 1
3330 1785 1
3331 1445 1
3331 2035 1
3331 5915 1
3345 674 1
3345 2517 1
3368 42 1
3368 1863 1
3402 333 1
3402 1116 1
3402 1216 1
3402 2777 1
3402 4796 1
3406 1270 1
3406 1322 1
3408 283 1
3408 332 1
3408 1230 1
3448 332 1
3448 1421 1
3448 1525 1
3448 1577 1
3448 2345 1
3448 5850 1
3448 5987 1
3463 106 1
3463 307 1
3468 3569 1
3500 5982 1
3514 3167 1
3516 610 1
3516 4579 1
3526 5186 1
3533 278 1
3533 743 1
3537 492 1
3537 511 1
3537 718 1
3556 3556 1
3563 618 1
3563 1754 1
3563 2640 1
3563 6004 1
3569 210 1
3569 222 1
3569 610 1
3569 1733 1
3569 1741 1
3569 1838 1
3569 3468 1
3569 4221 1
3569 4796 1
3600 5774 1
3609 1239 1
3667 1863 1
3671 1574 1
3671 2002 1
3682 174 1
3682 5002 1
3686 1364 1
3699 1181 1
3699 1425 1
3717 1911 1
3742 616 1
3772 689 1
3772 708 1
3772 3063 1
3782 12 1
3782 186 1
3782 763 1
3782 983 1
3782 1207 1
3782 1279 1
3784 1124 1
3796 3804 1
3796 4893 1
3804 3796 1
3804 4893 1
3823 3823 1
3831 3093 1
3831 4560 1
3831 5233 1
3831 5332 1
3855 655 1
3855 5612 1
3875 42 1
3875 520 1
3884 1648 1
3908 272 1
3921 1429 1
3925 1289 1
3963 2086 1
3963 5280 1
3972 3974 1
3972 4929 1
3974 3972 1
3987 1311 1
4000 922 1
4000 1038 1
4000 1057 1
4000 1565 1
4000 1658 1
4000 1774 1
4000 1801 1
4000 1839 1
4000 3135 1
4002 1467 1
4002 1756 1
4041 2275 1
4041 4174 1
4056 1563 1
4071 2977 1
4071 4725 1
4071 5260 1
4086 23 1
4086 1587 1
4088 1622 1
4109 1130 1
4109 1429 1
4129 12 1
4130 1645 1
4130 1685 1
4134 320 1
4134 580 1
4134 922 1
4134 1536 1
4134 1774 1
4173 741 1
4174 2275 1
4174 4041 1
4177 1418 1
4221 3569 1
4246 3039 1
4326 4795 1
4330 2448 1
4331 2050 1
4331 3142 1
4354 1256 1
4354 1428 1
4354 1439 1
4354 1441 1
4354 1455 1
4354 1697 1
4354 1755 1
4354 1769 1
4354 6379 1
4368 1455 1
4411 3260 1
4411 4411 1
4411 4859 1
4437 1278 1
4437 1429 1
4449 1189 1
4449 5117 1
4449 5406 1
4466 1427 1
4479 273 1
4503 1685 1
4503 4616 1
4503 5592 1
4506 583 1
4506 1813 1
4506 6139 1
4548 1563 1
4549 584 1
4549 1320 1
4549 5850 1
4554 384 1
4560 2007 1
4560 3831 1
4560 4560 1
4560 5233 1
4560 5462 1
4576 1152 1
4576 1268 1
4576 1576 1
4576 1782 1
4576 2290 1
4576 2401 1
4576 4732 1
4576 4795 1
4576 5612 1
4576 6339 1
4579 333 1
4579 1019 1
4579 1343 1
4579 3516 1
4601 5002 1
4616 1616 1
4616 4503 1
4616 6166 1
4634 59 1
4634 6038 1
4643 1204 1
4643 1489 1
4643 1578 1
4643 1640 1
4643 5406 1
4654 152 1
4654 165 1
4654 303 1
4654 461 1
4654 807 1
4662 45 1
4662 46 1
4662 488 1
4662 788 1
4662 789 1
4679 1407 1
4679 3284 1
4699 1563 1
4699 1869 1
4722 321 1
4722 1742 1
4725 42 1
4725 4071 1
4725 5260 1
4732 4576 1
4732 4795 1
4739 198 1
4739 4824 1
4739 5982 1
4795 1196 1
4795 1268 1
4795 1576 1
4795 1782 1
4795 1937 1
4795 2290 1
4795 2684 1
4795 4326 1
4795 4576 1
4795 4732 1
4795 5612 1
4795 6339 1
4795 6339 1
4796 3402 1
4796 3569 1
4824 4739 1
4834 1278 1
4844 1181 1
4855 1934 1
4855 3276 1
4855 5427 1
4859 4411 1
4867 618 1
4867 807 1
4872 800 1
4872 2038 1
4874 1239 1
4881 33 1
4885 4885 1
4893 3796 1
4893 3804 1
4893 4893 1
4907 339 1
4929 3972 1
4947 273 1
4947 583 1
4949 1191 1
4949 1242 1
4949 1267 1
4949 1439 1
4949 1507 1
4949 1636 1
4949 4949 1
4956 1278 1
4956 6349 1
4987 1569 1
4987 4987 1
4999 1128 1
5002 3682 1
5002 4601 1
5037 2218 1
5037 5475 1
5040 5040 1
5062 133 1
5117 4449 1
5117 5117 1
5127 6235 1
5162 2960 1
5186 3526 1
5205 689 1
5205 1306 1
5205 1439 1
5205 1507 1
5205 1591 1
5205 1636 1
5205 1769 1
5205 2960 1
5212 321 1
5233 2007 1
5233 3831 1
5233 4560 1
5233 5462 1
5243 12 1
5243 13 1
5243 674 1
5243 906 1
5243 1097 1
5255 273 1
5255 311 1
5255 1700 1
5260 1624 1
5260 4071 1
5260 4725 1
5280 1795 1
5280 2086 1
5280 3963 1
5280 5280 1
5282 1224 1
5331 953 1
5332 3831 1
5338 1275 1
5359 2060 1
5367 689 1
5367 1224 1
5367 1439 1
5367 1481 1
5367 1769 1
5406 237 1
5406 1204 1
5406 1301 1
5406 1489 1
5406 1560 1
5406 1578 1
5406 1640 1
5406 4449 1
5406 4643 1
5427 1934 1
5427 3276 1
5427 4855 1
5462 2007 1
5462 4560 1
5462 5233 1
5475 1257 1
5475 5037 1
5483 5483 1
5511 23 1
5511 387 1
5511 3200 1
5513 542 1
5513 1498 1
5513 1642 1
5513 1813 1
5527 1719 1
5565 1128 1
5567 353 1
5567 1076 1
5567 1276 1
5567 1813 1
5567 2684 1
5592 1296 1
5592 2684 1
5592 4503 1
5603 552 1
5611 298 1
5612 331 1
5612 718 1
5612 1268 1
5612 2290 1
5612 2295 1
5612 2600 1
5612 3855 1
5612 4576 1
5612 4795 1
5612 6339 1
5650 1275 1
5709 1573 1
5716 752 1
5743 689 1
5743 1719 1
5743 2960 1
5769 1212 1
5774 3600 1
5776 2960 1
5786 1116 1
5792 1644 1
5816 1182 1
5850 332 1
5850 1205 1
5850 1283 1
5850 3448 1
5850 4549 1
5850 5987 1
5852 688 1
5852 1297 1
5861 1239 1
5861 1329 1
5861 1655 1
5861 1767 1
5891 974 1
5891 1821 1
5891 2005 1
5904 654 1
5904 5971 1
5905 874 1
5910 655 1
5914 807 1
5914 1126 1
5914 1799 1
5915 12 1
5915 273 1
5915 1719 1
5915 3331 1
5925 153 1
5956 964 1
5971 5904 1
5979 1283 1
5982 695 1
5982 2528 1
5982 3500 1
5982 4739 1
5987 1624 1
5987 3448 1
5987 5850 1
5996 1481 1
6004 1191 1
6004 1306 1
6004 1320 1
6004 1356 1
6004 1507 1
6004 1636 1
6004 1754 1
6004 1769 1
6004 3563 1
6038 4634 1
6124 912 1
6139 1297 1
6139 1445 1
6139 1668 1
6139 4506 1
6166 4616 1
6230 321 1
6235 5127 1
6240 2445 1
6242 100 1
6242 173 1
6242 216 1
6242 256 1
6262 1960 1
6276 2669 1
6285 6285 1
6312 1628 1
6319 1196 1
6339 1268 1
6339 1343 1
6339 1702 1
6339 2290 1
6339 4576 1
6339 4795 1
6339 4795 1
6339 5612 1
6346 1735 1
6349 991 1
6349 1689 1
6349 2960 1
6349 4956 1
6349 6349 1
6379 4354 1
6401 1458 1
6429 1644 1
6433 897 1
6443 2960 1
