1 2 1
1 3 1
1 4 1
1 5 1
1 6 1
1 7 1
1 8 1
1 9 1
1 10 1
2 11 1
2 116 1
2 13 1
2 85 1
2 130 1
2 8 1
2 131 1
2 132 1
2 73 1
2 75 1
3 68 1
3 152 1
3 153 1
3 154 1
3 155 1
3 156 1
3 157 1
3 158 1
3 159 1
3 13 1
3 87 1
3 119 1
3 5 1
3 160 1
3 161 1
3 162 1
3 163 1
3 164 1
3 165 1
3 166 1
3 167 1
3 168 1
3 169 1
3 170 1
3 185 1
3 186 1
3 126 1
3 9 1
3 174 1
3 187 1
3 176 1
3 177 1
3 178 1
3 179 1
3 180 1
3 181 1
3 182 1
3 183 1
3 184 1
4 152 1
4 155 1
4 156 1
4 13 1
4 118 1
4 160 1
4 161 1
4 162 1
4 163 1
4 169 1
4 196 1
4 126 1
4 174 1
4 187 1
4 197 1
4 179 1
4 180 1
4 181 1
4 183 1
4 198 1
4 190 1
5 152 1
5 155 1
5 156 1
5 3 1
5 119 1
5 160 1
5 161 1
5 162 1
5 163 1
5 169 1
5 196 1
5 173 1
5 174 1
5 175 1
5 197 1
5 179 1
5 180 1
5 181 1
5 183 1
5 198 1
5 190 1
6 11 1
6 12 1
6 13 1
6 4 1
6 14 1
6 15 1
6 9 1
7 28 1
7 51 1
7 35 1
7 24 1
7 36 1
7 48 1
7 49 1
7 44 1
7 47 1
7 73 1
7 89 1
7 95 1
7 26 1
7 74 1
7 75 1
7 78 1
7 76 1
8 2 1
8 3 1
8 4 1
8 7 1
8 60 1
8 74 1
9 103 1
9 109 1
9 236 1
9 4 1
9 5 1
9 214 1
9 6 1
9 194 1
9 15 1
9 104 1
9 215 1
9 37 1
10 109 1
10 237 1
10 5 1
10 214 1
10 219 1
10 6 1
10 8 1
10 104 1
10 25 1
11 103 1
11 209 1
11 139 1
11 125 1
11 143 1
11 14 1
11 15 1
12 13 1
12 119 1
12 4 1
12 14 1
12 15 1
13 17 1
13 152 1
13 153 1
13 154 1
13 155 1
13 156 1
13 157 1
13 158 1
13 159 1
13 3 1
13 85 1
13 118 1
13 4 1
13 160 1
13 161 1
13 162 1
13 163 1
13 164 1
13 165 1
13 166 1
13 167 1
13 168 1
13 169 1
13 169 1
13 170 1
13 171 1
13 172 1
13 173 1
13 174 1
13 175 1
13 176 1
13 177 1
13 178 1
13 179 1
13 180 1
13 181 1
13 182 1
13 183 1
13 184 1
14 7 1
14 35 1
14 210 1
14 24 1
14 36 1
14 48 1
14 49 1
14 44 1
14 47 1
14 89 1
14 74 1
14 75 1
14 78 1
14 76 1
15 115 1
15 12 1
15 13 1
15 87 1
15 119 1
15 4 1
15 5 1
15 14 1
15 76 1
16 17 1
16 5 1
16 18 1
16 19 1
16 20 1
16 21 1
16 22 1
16 23 1
16 24 1
16 25 1
16 26 1
16 27 1
17 114 1
17 2 1
17 115 1
17 93 1
17 116 1
17 117 1
17 13 1
17 3 1
17 85 1
17 118 1
17 119 1
17 120 1
17 99 1
17 121 1
17 20 1
17 23 1
17 74 1
18 42 1
18 23 1
18 24 1
18 54 1
18 45 1
19 5 1
19 72 1
19 16 1
19 18 1
19 15 1
19 24 1
19 36 1
19 48 1
19 44 1
19 52 1
19 73 1
19 74 1
19 75 1
19 76 1
19 77 1
20 18 1
20 71 1
20 21 1
20 60 1
20 23 1
20 47 1
20 81 1
21 13 1
21 3 1
21 133 1
21 131 1
21 210 1
21 211 1
21 90 1
21 74 1
21 75 1
21 76 1
22 107 1
22 13 1
22 3 1
22 86 1
22 74 1
22 75 1
22 78 1
22 76 1
23 56 1
24 47 1
24 45 1
25 49 1
25 45 1
26 191 1
27 23 1
27 52 1
27 50 1
27 65 1
27 45 1
28 29 1
28 4 1
28 30 1
28 31 1
28 32 1
28 33 1
28 21 1
28 22 1
28 34 1
28 35 1
28 36 1
28 37 1
28 38 1
28 39 1
28 40 1
29 123 1
29 115 1
30 51 1
30 31 1
30 34 1
30 36 1
30 45 1
31 30 1
31 33 1
31 7 1
31 60 1
31 34 1
31 52 1
31 50 1
31 65 1
31 39 1
31 53 1
32 4 1
32 5 1
32 59 1
32 28 1
32 46 1
32 30 1
32 67 1
32 8 1
32 36 1
32 48 1
32 49 1
32 47 1
32 50 1
32 74 1
32 75 1
32 78 1
32 76 1
33 30 1
33 31 1
33 22 1
33 60 1
33 34 1
33 44 1
33 50 1
33 82 1
34 69 1
35 14 1
35 7 1
35 48 1
35 44 1
35 73 1
35 38 1
35 113 1
35 75 1
35 45 1
36 44 1
36 45 1
37 50 1
37 94 1
37 45 1
38 191 1
39 51 1
39 34 1
39 44 1
39 50 1
39 65 1
39 45 1
41 42 1
41 43 1
41 23 1
41 44 1
41 45 1
42 5 1
42 41 1
42 24 1
42 48 1
42 49 1
42 44 1
42 47 1
42 50 1
42 45 1
43 85 1
43 87 1
43 120 1
43 99 1
43 219 1
43 168 1
43 233 1
43 169 1
43 138 1
43 41 1
43 46 1
43 18 1
43 30 1
43 186 1
43 173 1
43 23 1
43 34 1
43 174 1
44 7 1
44 24 1
44 36 1
44 45 1
46 34 1
46 47 1
46 45 1
47 24 1
47 80 1
47 45 1
48 32 1
48 14 1
48 7 1
48 36 1
48 49 1
48 215 1
48 45 1
49 214 1
49 14 1
49 7 1
49 24 1
49 48 1
49 45 1
50 45 1
51 4 1
51 46 1
51 24 1
51 36 1
51 48 1
51 49 1
51 44 1
51 47 1
51 52 1
51 53 1
51 45 1
52 45 1
53 100 1
53 85 1
53 87 1
53 5 1
53 33 1
53 7 1
53 22 1
53 10 1
53 34 1
53 49 1
53 38 1
54 87 1
54 5 1
54 18 1
54 14 1
54 15 1
54 60 1
54 91 1
54 24 1
54 47 1
54 79 1
54 76 1
55 12 1
55 41 1
55 56 1
55 15 1
55 23 1
55 52 1
55 50 1
55 57 1
56 22 1
56 36 1
56 79 1
57 41 1
57 23 1
57 36 1
57 52 1
57 45 1
58 59 1
58 46 1
58 22 1
58 60 1
58 34 1
58 61 1
58 52 1
58 50 1
58 62 1
59 4 1
59 96 1
59 46 1
59 51 1
59 32 1
59 69 1
59 8 1
59 21 1
59 22 1
59 24 1
59 47 1
59 88 1
59 25 1
59 89 1
59 86 1
59 62 1
59 70 1
59 83 1
60 106 1
60 103 1
60 109 1
60 100 1
60 6 1
60 72 1
60 59 1
60 16 1
60 28 1
60 67 1
60 56 1
60 69 1
60 20 1
60 33 1
60 14 1
60 7 1
60 15 1
60 8 1
60 23 1
60 34 1
60 50 1
60 65 1
60 92 1
60 40 1
61 15 1
61 8 1
61 45 1
62 34 1
62 47 1
62 61 1
62 50 1
62 83 1
62 45 1
63 64 1
63 4 1
63 42 1
63 56 1
63 20 1
63 21 1
63 60 1
63 48 1
63 49 1
63 50 1
63 65 1
63 66 1
64 102 1
64 13 1
64 3 1
64 4 1
64 226 1
64 72 1
64 130 1
64 42 1
64 63 1
64 19 1
64 14 1
64 216 1
64 9 1
64 10 1
64 60 1
64 35 1
64 210 1
64 48 1
64 94 1
64 25 1
64 95 1
64 82 1
64 86 1
64 84 1
65 75 1
65 45 1
66 12 1
66 85 1
66 4 1
66 99 1
66 14 1
66 21 1
66 9 1
67 68 1
67 51 1
67 32 1
67 69 1
67 33 1
67 60 1
67 48 1
67 52 1
67 65 1
67 39 1
67 70 1
68 107 1
68 64 1
68 13 1
68 3 1
68 119 1
68 5 1
68 99 1
68 219 1
68 59 1
68 130 1
68 225 1
68 32 1
68 9 1
68 10 1
68 60 1
68 49 1
68 88 1
68 213 1
69 21 1
69 22 1
69 24 1
69 37 1
69 80 1
70 87 1
70 59 1
70 51 1
70 67 1
70 22 1
70 48 1
70 49 1
70 88 1
70 89 1
70 38 1
70 90 1
70 53 1
71 6 1
71 18 1
71 20 1
71 14 1
71 60 1
71 23 1
71 52 1
71 50 1
71 65 1
71 27 1
72 5 1
72 41 1
72 42 1
72 19 1
72 56 1
72 15 1
72 21 1
72 22 1
72 23 1
72 91 1
72 44 1
72 94 1
72 37 1
72 95 1
72 90 1
72 57 1
72 84 1
72 77 1
73 115 1
73 3 1
73 19 1
73 133 1
73 131 1
73 215 1
73 94 1
74 14 1
74 7 1
74 76 1
74 45 1
75 14 1
75 7 1
75 45 1
76 14 1
76 7 1
76 210 1
76 24 1
76 74 1
76 45 1
77 5 1
77 15 1
77 36 1
77 44 1
77 74 1
77 75 1
78 43 1
78 14 1
78 7 1
78 35 1
78 36 1
78 75 1
78 45 1
79 191 1
80 191 1
81 191 1
82 191 1
83 4 1
83 5 1
83 8 1
83 24 1
83 47 1
83 74 1
83 75 1
84 85 1
84 72 1
84 42 1
84 22 1
84 36 1
84 26 1
84 86 1
84 66 1
85 152 1
85 153 1
85 156 1
85 157 1
85 158 1
85 159 1
85 3 1
85 87 1
85 119 1
85 5 1
85 188 1
85 164 1
85 143 1
85 176 1
85 181 1
85 189 1
85 190 1
85 191 1
86 13 1
86 61 1
86 212 1
86 45 1
87 152 1
87 153 1
87 156 1
87 157 1
87 158 1
87 159 1
87 13 1
87 85 1
87 118 1
87 4 1
87 188 1
87 164 1
87 192 1
87 176 1
87 181 1
87 189 1
87 190 1
87 191 1
88 107 1
88 237 1
88 110 1
88 3 1
88 87 1
88 118 1
88 5 1
88 120 1
88 104 1
88 48 1
88 49 1
88 44 1
88 47 1
88 53 1
88 45 1
89 191 1
90 3 1
90 61 1
90 213 1
90 45 1
91 4 1
91 5 1
91 214 1
91 219 1
91 188 1
91 72 1
91 59 1
91 16 1
91 28 1
91 32 1
91 15 1
91 8 1
91 133 1
91 131 1
91 24 1
91 48 1
91 49 1
91 74 1
91 75 1
91 78 1
91 76 1
91 92 1
92 13 1
92 4 1
92 30 1
92 7 1
92 8 1
92 24 1
92 36 1
92 44 1
92 79 1
92 80 1
92 78 1
93 4 1
93 5 1
93 49 1
93 40 1
93 40 1
94 102 1
94 115 1
94 217 1
94 236 1
94 142 1
94 13 1
94 87 1
94 4 1
94 72 1
94 48 1
94 49 1
94 44 1
94 37 1
94 26 1
94 79 1
94 105 1
94 66 1
94 45 1
95 191 1
96 64 1
96 68 1
96 241 1
96 13 1
96 199 1
96 120 1
96 143 1
96 126 1
96 173 1
96 208 1
96 205 1
96 73 1
96 242 1
96 62 1
97 98 1
97 61 1
97 45 1
98 167 1
98 228 1
98 222 1
98 45 1
99 3 1
99 85 1
99 87 1
99 119 1
99 4 1
99 203 1
99 199 1
99 120 1
99 207 1
99 192 1
99 126 1
99 173 1
99 208 1
99 146 1
99 187 1
100 108 1
100 3 1
100 5 1
100 7 1
100 8 1
100 53 1
101 102 1
101 103 1
101 12 1
101 20 1
101 14 1
101 104 1
101 105 1
102 2 1
102 115 1
102 3 1
102 85 1
102 87 1
102 4 1
102 99 1
102 225 1
102 133 1
102 23 1
102 23 1
102 78 1
103 101 1
103 114 1
103 2 1
103 115 1
103 136 1
103 137 1
103 5 1
103 138 1
103 14 1
103 60 1
103 133 1
103 90 1
103 105 1
104 103 1
104 109 1
104 202 1
104 12 1
104 6 1
104 138 1
104 192 1
104 14 1
104 7 1
104 66 1
104 53 1
105 223 1
105 65 1
105 132 1
105 45 1
106 107 1
106 108 1
106 109 1
106 110 1
106 100 1
106 111 1
106 112 1
106 7 1
106 10 1
106 104 1
106 90 1
106 113 1
106 53 1
107 85 1
107 87 1
107 4 1
107 120 1
107 131 1
107 34 1
107 210 1
107 76 1
108 106 1
108 109 1
108 140 1
108 192 1
108 7 1
108 8 1
109 123 1
109 2 1
109 115 1
109 4 1
109 5 1
109 138 1
109 7 1
109 131 1
109 86 1
109 113 1
110 107 1
110 106 1
110 123 1
110 115 1
110 3 1
110 87 1
110 118 1
110 119 1
110 5 1
110 143 1
110 112 1
110 7 1
110 88 1
111 106 1
111 109 1
111 29 1
111 87 1
111 7 1
111 104 1
111 113 1
112 106 1
112 202 1
112 13 1
112 3 1
112 85 1
112 87 1
112 4 1
112 199 1
112 188 1
112 234 1
112 194 1
112 126 1
112 173 1
112 146 1
112 7 1
112 10 1
112 131 1
112 191 1
113 224 1
113 65 1
113 73 1
113 45 1
114 102 1
114 2 1
114 150 1
114 103 1
114 116 1
114 141 1
114 142 1
114 125 1
114 192 1
114 216 1
115 3 1
115 87 1
115 4 1
115 14 1
115 15 1
115 133 1
115 131 1
115 132 1
115 74 1
115 134 1
116 127 1
116 129 1
116 114 1
116 123 1
116 2 1
116 115 1
116 11 1
116 108 1
116 140 1
116 139 1
116 125 1
117 101 1
117 114 1
117 2 1
117 142 1
117 13 1
117 85 1
117 118 1
117 119 1
117 14 1
117 133 1
117 23 1
117 104 1
118 152 1
118 153 1
118 154 1
118 157 1
118 158 1
118 13 1
118 85 1
118 119 1
118 160 1
118 161 1
118 162 1
118 163 1
118 164 1
118 167 1
118 168 1
118 193 1
118 194 1
118 171 1
118 195 1
118 126 1
118 174 1
118 187 1
118 177 1
118 179 1
118 180 1
118 182 1
118 183 1
119 152 1
119 153 1
119 154 1
119 157 1
119 158 1
119 3 1
119 87 1
119 118 1
119 160 1
119 161 1
119 162 1
119 163 1
119 164 1
119 167 1
119 168 1
119 193 1
119 194 1
119 185 1
119 195 1
119 173 1
119 174 1
119 175 1
119 177 1
119 179 1
119 180 1
119 182 1
119 183 1
120 13 1
120 85 1
120 87 1
120 118 1
120 5 1
120 200 1
120 124 1
120 143 1
120 126 1
120 173 1
120 205 1
120 149 1
120 206 1
120 91 1
120 175 1
121 101 1
121 115 1
121 103 1
121 85 1
121 14 1
121 86 1
122 123 1
122 115 1
122 116 1
122 110 1
122 3 1
122 85 1
122 87 1
122 118 1
122 119 1
122 124 1
122 99 1
122 125 1
122 32 1
122 126 1
122 21 1
122 22 1
123 107 1
123 122 1
123 115 1
123 109 1
123 116 1
123 140 1
123 125 1
123 206 1
124 122 1
124 202 1
124 85 1
124 119 1
124 203 1
124 199 1
124 120 1
124 99 1
124 204 1
124 146 1
124 9 1
124 104 1
124 90 1
124 105 1
124 201 1
125 122 1
125 123 1
125 2 1
125 115 1
125 11 1
125 108 1
125 139 1
126 152 1
126 155 1
126 13 1
126 3 1
126 85 1
126 87 1
126 118 1
126 119 1
126 4 1
126 5 1
126 120 1
126 188 1
126 161 1
126 233 1
126 169 1
126 193 1
126 170 1
126 254 1
126 138 1
126 185 1
126 172 1
126 173 1
126 43 1
126 257 1
126 97 1
126 91 1
126 79 1
126 255 1
126 263 1
126 264 1
126 265 1
126 266 1
126 267 1
126 268 1
127 128 1
127 11 1
128 127 1
128 114 1
128 2 1
128 116 1
128 6 1
128 15 1
128 97 1
128 40 1
129 108 1
129 116 1
130 64 1
130 68 1
130 2 1
130 115 1
130 13 1
130 3 1
130 85 1
130 87 1
130 118 1
130 119 1
130 138 1
130 225 1
131 107 1
131 2 1
131 13 1
131 85 1
131 87 1
131 120 1
131 214 1
131 8 1
131 91 1
131 48 1
131 49 1
131 211 1
131 212 1
131 213 1
131 74 1
131 75 1
131 45 1
132 2 1
132 13 1
132 133 1
132 131 1
132 94 1
133 13 1
133 85 1
133 87 1
133 15 1
133 91 1
133 48 1
133 49 1
133 211 1
133 73 1
133 212 1
133 213 1
133 75 1
133 78 1
133 45 1
134 115 1
134 220 1
134 133 1
134 215 1
134 132 1
134 73 1
134 174 1
134 197 1
134 179 1
134 180 1
134 201 1
134 198 1
134 45 1
135 129 1
135 136 1
135 29 1
135 100 1
135 1 1
135 15 1
135 8 1
135 40 1
136 106 1
136 114 1
136 2 1
136 115 1
136 11 1
136 108 1
136 139 1
136 125 1
136 7 1
137 2 1
137 11 1
137 103 1
137 136 1
137 116 1
137 142 1
137 139 1
137 125 1
138 103 1
138 202 1
138 12 1
138 100 1
138 13 1
138 85 1
138 4 1
138 5 1
138 233 1
138 169 1
138 193 1
138 170 1
138 254 1
138 186 1
138 126 1
138 43 1
138 14 1
138 7 1
138 131 1
138 104 1
138 73 1
138 212 1
138 213 1
138 90 1
138 86 1
138 105 1
138 113 1
138 178 1
138 134 1
138 255 1
139 114 1
139 123 1
139 2 1
139 115 1
139 11 1
139 13 1
139 14 1
140 106 1
140 129 1
140 108 1
140 109 1
140 136 1
140 116 1
140 111 1
140 206 1
140 104 1
141 114 1
141 2 1
141 128 1
141 142 1
142 114 1
142 2 1
142 150 1
142 145 1
143 2 1
143 115 1
143 103 1
143 109 1
143 158 1
143 117 1
143 118 1
143 203 1
143 120 1
143 121 1
143 96 1
143 164 1
143 165 1
143 170 1
143 192 1
143 205 1
143 149 1
143 206 1
143 131 1
143 88 1
143 174 1
143 187 1
143 182 1
143 183 1
143 239 1
143 246 1
143 245 1
143 45 1
143 45 1
144 123 1
144 136 1
144 110 1
144 139 1
144 125 1
145 142 1
145 146 1
146 114 1
146 145 1
146 142 1
146 188 1
146 220 1
146 196 1
146 194 1
146 192 1
146 94 1
146 201 1
146 40 1
147 148 1
147 143 1
147 149 1
148 123 1
148 115 1
148 151 1
148 140 1
149 123 1
149 148 1
149 200 1
149 188 1
149 220 1
149 196 1
149 194 1
149 143 1
149 206 1
149 201 1
149 40 1
150 114 1
150 217 1
150 141 1
150 142 1
150 87 1
150 118 1
150 119 1
150 5 1
150 203 1
150 200 1
150 199 1
150 124 1
150 120 1
150 146 1
150 216 1
150 105 1
150 40 1
150 40 1
151 123 1
151 29 1
151 147 1
151 148 1
151 119 1
151 203 1
151 200 1
151 99 1
151 192 1
151 143 1
151 206 1
151 88 1
151 40 1
152 160 1
152 201 1
152 45 1
153 166 1
153 250 1
153 269 1
153 45 1
154 162 1
154 167 1
154 168 1
154 250 1
154 228 1
154 45 1
155 161 1
155 198 1
155 45 1
156 162 1
156 198 1
156 190 1
156 45 1
157 190 1
157 232 1
157 45 1
158 163 1
158 232 1
158 235 1
158 45 1
159 164 1
159 235 1
159 270 1
159 45 1
160 201 1
160 198 1
160 45 1
161 220 1
161 201 1
161 198 1
161 190 1
161 45 1
162 163 1
162 234 1
162 190 1
162 232 1
162 45 1
163 164 1
163 276 1
163 232 1
163 235 1
163 270 1
163 45 1
164 165 1
164 277 1
164 270 1
164 272 1
164 45 1
165 166 1
165 277 1
165 274 1
165 269 1
165 45 1
166 167 1
166 98 1
166 250 1
166 228 1
166 45 1
167 168 1
167 98 1
167 228 1
167 222 1
167 45 1
168 98 1
168 228 1
168 222 1
168 45 1
169 157 1
169 234 1
169 276 1
169 190 1
169 232 1
169 235 1
169 270 1
169 45 1
170 271 1
170 273 1
170 277 1
170 278 1
170 235 1
170 270 1
170 272 1
170 274 1
170 45 1
171 13 1
171 3 1
171 118 1
171 119 1
171 120 1
171 256 1
171 208 1
171 257 1
172 214 1
172 138 1
172 186 1
172 126 1
172 218 1
172 43 1
172 247 1
172 191 1
173 202 1
173 152 1
173 155 1
173 13 1
173 3 1
173 85 1
173 87 1
173 118 1
173 119 1
173 4 1
173 5 1
173 188 1
173 161 1
173 233 1
173 169 1
173 193 1
173 170 1
173 254 1
173 138 1
173 130 1
173 171 1
173 186 1
173 126 1
173 43 1
173 221 1
173 97 1
173 80 1
173 255 1
173 263 1
173 264 1
173 265 1
173 266 1
173 267 1
173 268 1
174 179 1
175 191 1
176 278 1
176 177 1
176 45 1
177 98 1
177 178 1
177 250 1
177 228 1
177 45 1
178 154 1
178 167 1
178 168 1
178 254 1
178 98 1
178 171 1
178 126 1
178 173 1
178 177 1
178 222 1
178 184 1
178 45 1
179 220 1
179 180 1
179 201 1
179 198 1
179 45 1
180 220 1
180 234 1
180 181 1
180 198 1
180 190 1
180 45 1
181 234 1
181 182 1
181 232 1
181 45 1
182 276 1
182 183 1
182 232 1
182 235 1
182 45 1
183 276 1
183 189 1
183 45 1
184 178 1
184 45 1
185 13 1
185 3 1
185 118 1
185 119 1
185 99 1
185 195 1
185 173 1
185 43 1
185 257 1
186 219 1
186 138 1
186 172 1
186 173 1
186 218 1
186 43 1
186 247 1
186 191 1
187 191 1
188 152 1
188 5 1
188 200 1
188 161 1
188 220 1
188 98 1
188 112 1
188 221 1
188 174 1
188 175 1
188 222 1
188 45 1
189 277 1
189 280 1
189 270 1
189 272 1
189 45 1
190 156 1
190 238 1
190 45 1
192 114 1
192 103 1
192 109 1
192 158 1
192 117 1
192 110 1
192 147 1
192 142 1
192 118 1
192 203 1
192 120 1
192 121 1
192 111 1
192 164 1
192 143 1
192 216 1
192 133 1
192 174 1
192 187 1
192 183 1
192 239 1
192 245 1
192 45 1
192 45 1
193 158 1
193 159 1
193 276 1
193 277 1
193 232 1
193 235 1
193 270 1
193 272 1
193 45 1
194 2 1
194 115 1
194 13 1
194 3 1
194 85 1
194 214 1
194 219 1
194 196 1
194 15 1
194 9 1
194 10 1
194 215 1
194 211 1
195 13 1
195 3 1
195 119 1
195 227 1
195 171 1
195 205 1
196 2 1
196 115 1
196 214 1
196 219 1
196 188 1
196 167 1
196 98 1
196 98 1
196 194 1
196 251 1
196 112 1
196 9 1
196 10 1
196 60 1
196 65 1
196 215 1
196 211 1
196 86 1
196 45 1
196 191 1
197 220 1
197 179 1
197 134 1
197 201 1
197 45 1
198 156 1
198 238 1
198 45 1
199 106 1
199 87 1
199 118 1
199 200 1
199 124 1
199 120 1
199 99 1
199 111 1
199 112 1
199 149 1
199 131 1
199 104 1
199 86 1
199 113 1
199 201 1
200 85 1
200 87 1
200 203 1
200 227 1
200 124 1
200 120 1
200 188 1
200 143 1
200 186 1
200 146 1
200 228 1
200 45 1
201 220 1
201 197 1
201 45 1
202 13 1
202 3 1
202 85 1
202 87 1
202 118 1
202 119 1
202 120 1
202 1 1
202 6 1
202 138 1
202 126 1
202 173 1
202 204 1
202 14 1
202 7 1
202 66 1
203 85 1
203 200 1
203 227 1
203 124 1
203 99 1
203 188 1
203 192 1
203 172 1
203 146 1
203 134 1
203 228 1
203 45 1
204 102 1
204 202 1
204 13 1
204 3 1
204 85 1
204 87 1
204 119 1
204 5 1
204 124 1
204 188 1
204 234 1
204 194 1
204 173 1
204 149 1
204 9 1
204 191 1
205 3 1
205 87 1
205 119 1
205 5 1
205 200 1
205 227 1
205 120 1
205 99 1
205 188 1
205 226 1
205 96 1
205 220 1
205 234 1
205 195 1
205 173 1
205 208 1
205 253 1
205 221 1
205 206 1
205 239 1
205 246 1
205 222 1
205 190 1
205 232 1
205 45 1
205 191 1
206 110 1
206 85 1
206 87 1
206 203 1
206 199 1
206 120 1
206 99 1
206 143 1
206 126 1
206 173 1
206 112 1
206 131 1
206 34 1
207 68 1
207 85 1
207 87 1
207 99 1
207 226 1
207 96 1
207 160 1
207 160 1
207 126 1
207 173 1
207 43 1
207 97 1
207 79 1
208 3 1
208 87 1
208 119 1
208 5 1
208 200 1
208 227 1
208 120 1
208 99 1
208 188 1
208 96 1
208 220 1
208 234 1
208 195 1
208 173 1
208 205 1
208 253 1
208 257 1
208 206 1
208 239 1
208 246 1
208 222 1
208 190 1
208 232 1
208 45 1
208 191 1
209 102 1
209 127 1
209 11 1
209 103 1
209 136 1
209 141 1
209 121 1
210 14 1
210 7 1
210 24 1
210 49 1
210 47 1
210 65 1
210 132 1
210 26 1
210 74 1
210 76 1
210 45 1
211 115 1
211 214 1
211 219 1
211 49 1
211 45 1
212 13 1
212 32 1
212 133 1
212 131 1
212 211 1
212 75 1
213 3 1
213 133 1
213 131 1
213 74 1
214 85 1
214 4 1
214 5 1
214 207 1
214 138 1
214 186 1
214 218 1
214 149 1
214 133 1
214 131 1
214 73 1
214 38 1
214 191 1
215 2 1
215 214 1
215 219 1
215 48 1
215 49 1
215 88 1
215 45 1
216 217 1
216 85 1
216 87 1
216 124 1
216 99 1
216 204 1
216 133 1
216 131 1
217 119 1
217 4 1
217 226 1
217 72 1
217 16 1
217 126 1
217 173 1
217 36 1
217 94 1
217 240 1
218 214 1
218 207 1
218 138 1
218 172 1
218 126 1
218 43 1
218 191 1
219 138 1
219 172 1
219 218 1
219 204 1
219 146 1
219 133 1
219 131 1
219 132 1
219 86 1
219 74 1
219 75 1
219 76 1
219 191 1
220 160 1
220 201 1
220 198 1
220 45 1
221 3 1
221 119 1
221 120 1
221 173 1
221 253 1
221 257 1
221 178 1
222 178 1
222 45 1
223 73 1
223 113 1
224 132 1
224 105 1
225 68 1
225 115 1
225 13 1
225 3 1
225 85 1
225 87 1
225 118 1
225 119 1
225 4 1
225 5 1
225 138 1
225 130 1
225 126 1
225 134 1
225 191 1
226 64 1
226 3 1
226 199 1
226 99 1
226 192 1
226 126 1
226 208 1
226 205 1
226 132 1
226 57 1
226 40 1
227 13 1
227 3 1
227 85 1
227 118 1
227 119 1
227 5 1
227 203 1
227 99 1
227 167 1
227 167 1
227 196 1
227 229 1
227 230 1
227 126 1
227 173 1
227 208 1
227 205 1
227 204 1
227 112 1
227 146 1
227 149 1
227 177 1
227 177 1
227 191 1
227 191 1
228 45 1
229 119 1
229 203 1
229 227 1
229 199 1
229 124 1
229 167 1
229 138 1
229 230 1
229 256 1
229 258 1
229 146 1
230 227 1
230 124 1
230 138 1
230 229 1
230 256 1
230 258 1
230 146 1
231 152 1
231 155 1
231 220 1
231 201 1
231 198 1
231 190 1
231 232 1
231 45 1
232 45 1
233 156 1
233 220 1
233 234 1
233 198 1
233 190 1
233 232 1
233 235 1
233 45 1
234 162 1
234 190 1
234 232 1
234 45 1
235 45 1
236 212 1
236 86 1
236 78 1
237 37 1
237 213 1
237 90 1
237 75 1
237 78 1
238 220 1
238 234 1
238 179 1
238 239 1
238 198 1
238 190 1
238 45 1
239 234 1
239 143 1
239 201 1
239 232 1
239 45 1
239 45 1
240 115 1
240 217 1
240 13 1
240 3 1
240 4 1
240 130 1
240 22 1
240 91 1
240 215 1
241 96 1
241 59 1
241 28 1
241 173 1
241 24 1
241 89 1
242 17 1
242 2 1
242 13 1
242 85 1
242 87 1
242 138 1
242 25 1
242 37 1
243 191 1
244 191 1
245 203 1
245 200 1
245 196 1
245 194 1
245 246 1
245 284 1
245 45 1
246 188 1
246 220 1
246 234 1
246 276 1
246 277 1
246 143 1
246 149 1
246 253 1
246 283 1
246 239 1
246 284 1
246 201 1
246 198 1
246 190 1
246 232 1
246 235 1
246 270 1
246 272 1
246 45 1
247 278 1
247 176 1
247 274 1
247 269 1
247 45 1
248 13 1
248 138 1
248 173 1
248 249 1
248 191 1
249 3 1
249 138 1
249 126 1
249 248 1
249 191 1
250 45 1
251 168 1
251 98 1
251 205 1
251 45 1
252 98 1
252 45 1
253 191 1
254 153 1
254 154 1
254 98 1
254 250 1
254 228 1
254 274 1
254 269 1
254 45 1
255 98 1
255 178 1
255 45 1
256 13 1
256 3 1
256 118 1
256 258 1
256 126 1
256 178 1
257 13 1
257 118 1
257 99 1
257 126 1
257 253 1
257 221 1
257 178 1
258 13 1
258 3 1
258 118 1
258 119 1
258 256 1
258 126 1
258 173 1
258 178 1
259 13 1
259 138 1
259 171 1
259 126 1
259 178 1
260 124 1
260 168 1
260 138 1
260 185 1
260 259 1
260 173 1
260 178 1
261 192 1
262 13 1
262 118 1
262 138 1
262 143 1
262 186 1
262 173 1
263 234 1
263 45 1
264 234 1
264 276 1
264 45 1
265 276 1
265 45 1
266 276 1
266 277 1
266 45 1
267 277 1
267 45 1
268 277 1
268 278 1
268 45 1
269 45 1
270 45 1
271 270 1
271 272 1
271 45 1
272 45 1
273 165 1
273 272 1
273 274 1
273 45 1
274 45 1
275 274 1
275 269 1
275 45 1
276 163 1
276 235 1
276 270 1
276 45 1
277 165 1
277 272 1
277 274 1
277 45 1
278 166 1
278 250 1
278 269 1
278 45 1
279 275 1
279 278 1
279 98 1
279 270 1
279 272 1
279 274 1
279 269 1
279 45 1
280 277 1
280 247 1
280 45 1
281 278 1
281 98 1
281 45 1
282 278 1
282 45 1
283 220 1
283 143 1
283 239 1
283 201 1
283 45 1
283 45 1
284 203 1
284 200 1
284 277 1
284 196 1
284 194 1
284 245 1
284 45 1
285 188 1
285 234 1
285 276 1
285 277 1
285 278 1
285 143 1
285 146 1
285 245 1
285 250 1
285 228 1
285 222 1
285 184 1
285 272 1
285 274 1
285 269 1
285 45 1
285 45 1
286 45 1
287 45 1
288 45 1
289 45 1
290 45 1
291 45 1
292 45 1
293 45 1
294 45 1
295 45 1
296 191 1
297 191 1
