2 1 1
4 3 1
6 5 1
8 7 1
10 9 1
12 11 1
14 13 1
16 15 1
18 17 1
20 19 1
22 21 1
24 23 1
26 25 1
28 27 1
30 29 1
32 31 1
34 33 1
3 35 1
37 36 1
5 38 1
7 39 1
41 40 1
41 42 1
1 43 1
3 44 1
34 45 1
47 46 1
11 48 1
50 49 1
13 51 1
15 52 1
54 53 1
54 55 1
9 56 1
11 57 1
47 58 1
60 59 1
19 61 1
63 62 1
21 64 1
23 65 1
67 66 1
67 68 1
17 69 1
19 70 1
60 71 1
73 72 1
29 74 1
31 75 1
77 76 1
27 78 1
29 79 1
81 80 1
73 82 1
41 83 1
7 84 1
5 85 1
3 86 1
1 87 1
89 88 1
41 90 1
15 91 1
13 92 1
11 93 1
9 94 1
96 95 1
41 97 1
23 98 1
21 99 1
19 100 1
17 101 1
103 102 1
41 104 1
31 105 1
29 106 1
27 107 1
25 108 1
110 109 1
112 111 1
114 113 1
116 115 1
118 117 1
120 119 1
122 121 1
124 123 1
126 125 1
128 127 1
130 129 1
132 131 1
134 133 1
136 135 1
138 137 1
140 139 1
142 141 1
34 143 1
35 143 1
3 144 1
33 144 1
37 145 1
38 145 1
5 146 1
36 146 1
7 147 1
40 147 1
41 148 1
39 148 1
47 149 1
48 149 1
11 150 1
46 150 1
50 151 1
51 151 1
13 152 1
49 152 1
15 153 1
53 153 1
54 154 1
52 154 1
60 155 1
61 155 1
19 156 1
59 156 1
63 157 1
64 157 1
21 158 1
62 158 1
23 159 1
66 159 1
67 160 1
65 160 1
73 161 1
74 161 1
29 162 1
72 162 1
31 163 1
76 163 1
77 164 1
75 164 1
82 165 1
29 165 1
166 54 1
41 54 1
167 67 1
54 67 1
168 77 1
67 77 1
170 169 1
171 169 1
169 172 1
173 172 1
170 174 1
175 174 1
170 120 1
176 120 1
170 122 1
177 122 1
170 178 1
179 178 1
169 180 1
181 180 1
169 128 1
182 128 1
169 130 1
183 130 1
169 184 1
185 184 1
172 186 1
187 186 1
172 136 1
188 136 1
172 138 1
189 138 1
172 190 1
191 190 1
193 192 1
194 192 1
41 195 1
196 195 1
174 197 1
198 197 1
200 199 1
201 199 1
180 202 1
203 202 1
178 204 1
205 204 1
186 206 1
207 206 1
184 208 1
209 208 1
190 210 1
211 210 1
45 212 1
1 212 1
44 212 1
143 4 1
144 4 1
147 8 1
148 8 1
214 213 1
44 213 1
42 213 1
58 215 1
9 215 1
57 215 1
149 12 1
150 12 1
153 16 1
154 16 1
217 216 1
57 216 1
55 216 1
71 218 1
17 218 1
70 218 1
155 20 1
156 20 1
159 24 1
160 24 1
220 219 1
70 219 1
68 219 1
222 221 1
25 221 1
78 221 1
222 223 1
27 223 1
163 32 1
164 32 1
73 224 1
79 224 1
78 224 1
113 225 1
117 225 1
111 226 1
115 226 1
121 227 1
125 227 1
119 228 1
123 228 1
129 229 1
133 229 1
127 230 1
131 230 1
137 231 1
141 231 1
135 232 1
139 232 1
234 233 1
235 233 1
233 236 1
237 236 1
236 238 1
239 238 1
238 240 1
210 240 1
212 2 1
241 2 1
213 241 1
1 241 1
7 214 1
5 214 1
7 37 1
41 37 1
215 10 1
242 10 1
216 242 1
9 242 1
15 217 1
13 217 1
15 50 1
54 50 1
218 18 1
243 18 1
219 243 1
17 243 1
23 220 1
21 220 1
23 63 1
67 63 1
221 26 1
244 26 1
223 28 1
80 28 1
224 244 1
25 244 1
31 73 1
77 73 1
82 222 1
29 222 1
88 245 1
85 245 1
84 89 1
41 89 1
95 246 1
92 246 1
91 96 1
41 96 1
102 247 1
99 247 1
98 103 1
41 103 1
109 248 1
106 248 1
105 110 1
41 110 1
225 234 1
226 234 1
249 234 1
227 235 1
228 235 1
250 235 1
229 237 1
230 237 1
251 237 1
231 239 1
232 239 1
252 239 1
145 6 1
146 6 1
214 166 1
43 166 1
44 166 1
214 34 1
42 34 1
151 14 1
152 14 1
217 167 1
56 167 1
57 167 1
217 47 1
55 47 1
157 22 1
158 22 1
220 168 1
69 168 1
70 168 1
220 60 1
68 60 1
161 30 1
162 30 1
78 81 1
165 81 1
83 193 1
84 193 1
85 112 1
89 112 1
86 114 1
245 114 1
3 200 1
245 200 1
87 200 1
1 170 1
5 170 1
3 170 1
7 170 1
90 175 1
91 175 1
92 176 1
96 176 1
93 177 1
246 177 1
11 179 1
246 179 1
94 179 1
9 171 1
13 171 1
11 171 1
15 171 1
97 181 1
98 181 1
99 182 1
103 182 1
100 183 1
247 183 1
19 185 1
247 185 1
101 185 1
17 173 1
21 173 1
19 173 1
23 173 1
104 187 1
105 187 1
106 188 1
110 188 1
107 189 1
248 189 1
27 191 1
248 191 1
108 191 1
192 249 1
195 249 1
197 250 1
199 250 1
202 251 1
204 251 1
206 252 1
208 252 1
