1 1 1
1 2 1
1 3 1
2 1041 1
2 1076 1
2 1078 1
2 1079 1
2 1246 1
2 1275 1
2 1350 1
3 463 1
3 974 1
3 975 1
3 996 1
3 1079 1
4 4 1
4 5 1
4 6 1
4 7 1
4 195 1
4 566 1
4 1443 1
4 1880 1
4 1972 1
5 149 1
5 1100 1
5 2308 1
6 6 1
6 18 1
6 57 1
6 82 1
6 118 1
6 149 1
6 184 1
6 224 1
6 357 1
6 713 1
6 747 1
6 784 1
6 791 1
6 877 1
6 941 1
6 997 1
6 1113 1
6 1176 1
6 1179 1
6 1180 1
6 1181 1
6 1182 1
6 1183 1
6 1184 1
6 1185 1
6 1186 1
6 1187 1
6 1279 1
6 1419 1
6 1521 1
6 1573 1
6 1574 1
6 1575 1
6 1576 1
6 1577 1
6 1578 1
6 1579 1
6 1580 1
6 1581 1
7 57 1
7 227 1
7 265 1
7 285 1
7 426 1
7 811 1
7 1016 1
7 1435 1
7 1443 1
7 1674 1
7 1923 1
7 2090 1
7 2202 1
8 8 1
9 9 1
10 10 1
10 11 1
10 907 1
10 2021 1
11 11 1
11 56 1
11 64 1
11 126 1
11 168 1
11 172 1
11 252 1
11 253 1
11 299 1
11 540 1
11 910 1
11 994 1
11 995 1
11 996 1
11 1259 1
12 12 1
12 13 1
12 14 1
12 644 1
13 13 1
13 143 1
13 631 1
13 1527 1
13 1650 1
13 1651 1
13 1659 1
14 14 1
14 508 1
14 2289 1
15 15 1
15 352 1
15 676 1
15 1052 1
15 1055 1
15 1310 1
15 1817 1
16 16 1
16 508 1
17 17 1
17 186 1
17 369 1
17 1334 1
17 1393 1
17 1568 1
17 1896 1
18 18 1
18 508 1
18 1192 1
19 19 1
19 980 1
19 1512 1
19 2188 1
20 20 1
20 21 1
20 22 1
20 23 1
20 1079 1
21 155 1
21 227 1
21 593 1
21 849 1
21 920 1
21 1174 1
21 1249 1
22 22 1
23 303 1
23 396 1
23 417 1
23 439 1
23 485 1
23 593 1
23 670 1
23 699 1
23 727 1
23 802 1
23 833 1
23 849 1
23 877 1
23 1174 1
23 1336 1
23 1376 1
23 1379 1
23 1452 1
24 24 1
24 25 1
24 26 1
24 27 1
24 28 1
24 392 1
24 2328 1
25 1680 1
27 392 1
27 1501 1
27 2220 1
28 392 1
28 2122 1
28 2257 1
29 29 1
30 31 1
30 32 1
31 183 1
31 338 1
31 369 1
31 539 1
31 566 1
31 648 1
31 714 1
31 1006 1
31 1028 1
31 1038 1
31 1346 1
31 1352 1
31 1357 1
31 1358 1
31 1372 1
31 1378 1
31 1707 1
31 1831 1
31 1934 1
31 1941 1
31 2068 1
31 2251 1
31 2273 1
31 2307 1
31 2334 1
33 33 1
33 34 1
33 35 1
33 36 1
33 37 1
33 38 1
33 39 1
35 38 1
35 122 1
35 126 1
35 133 1
35 163 1
35 165 1
35 228 1
35 277 1
35 425 1
35 432 1
35 445 1
35 1016 1
35 1555 1
35 1640 1
35 1767 1
35 1786 1
35 1874 1
35 1875 1
35 1876 1
37 60 1
37 116 1
37 172 1
37 249 1
37 490 1
37 549 1
37 864 1
37 946 1
37 1100 1
37 1106 1
37 1375 1
37 1392 1
39 126 1
39 231 1
39 389 1
39 391 1
39 549 1
39 566 1
39 591 1
39 1041 1
39 1069 1
39 1100 1
39 1120 1
39 1246 1
39 1439 1
39 1449 1
39 1726 1
39 2127 1
40 40 1
40 41 1
40 42 1
40 43 1
41 1739 1
44 44 1
44 45 1
44 46 1
44 47 1
44 48 1
45 45 1
45 48 1
45 1012 1
46 61 1
46 212 1
46 275 1
46 278 1
46 280 1
46 298 1
46 299 1
46 302 1
46 318 1
46 442 1
46 549 1
46 1021 1
46 1028 1
46 1208 1
46 1225 1
46 1714 1
46 1808 1
48 48 1
48 49 1
49 173 1
49 317 1
49 683 1
49 727 1
49 1016 1
49 1220 1
49 1452 1
50 50 1
51 51 1
51 508 1
52 52 1
52 53 1
52 54 1
52 55 1
52 56 1
52 57 1
52 59 1
53 53 1
53 54 1
53 55 1
53 56 1
53 57 1
53 59 1
53 78 1
53 1491 1
54 54 1
54 55 1
54 56 1
54 57 1
54 59 1
54 195 1
54 1210 1
55 56 1
55 57 1
55 59 1
56 56 1
56 57 1
56 58 1
56 59 1
57 57 1
57 59 1
57 71 1
57 76 1
57 195 1
57 215 1
57 222 1
57 388 1
57 509 1
57 585 1
57 588 1
57 927 1
57 1040 1
57 1113 1
57 1324 1
57 1444 1
57 1518 1
57 1519 1
57 1520 1
57 1521 1
57 1522 1
57 1523 1
57 1524 1
57 1525 1
57 1526 1
57 1614 1
57 1817 1
57 1870 1
57 1900 1
57 1966 1
57 2090 1
57 2127 1
57 2141 1
57 2143 1
57 2220 1
58 68 1
58 227 1
58 265 1
58 284 1
58 549 1
58 941 1
58 1004 1
58 1022 1
58 1025 1
58 1041 1
58 1310 1
58 1328 1
58 1450 1
58 1664 1
58 1817 1
58 1896 1
58 1912 1
58 1948 1
58 2022 1
59 59 1
59 117 1
59 165 1
59 168 1
59 1224 1
59 1612 1
59 1809 1
60 61 1
60 62 1
60 63 1
60 64 1
60 65 1
61 61 1
61 64 1
61 83 1
61 166 1
61 203 1
61 299 1
61 301 1
61 302 1
61 341 1
61 382 1
61 401 1
61 416 1
61 418 1
61 420 1
61 421 1
61 423 1
61 425 1
61 428 1
61 430 1
61 433 1
61 442 1
61 443 1
61 445 1
61 463 1
61 507 1
61 641 1
61 642 1
61 643 1
61 644 1
61 646 1
61 647 1
61 649 1
61 656 1
61 658 1
61 767 1
61 1014 1
61 1019 1
61 1028 1
61 1129 1
61 1165 1
61 1413 1
61 1414 1
61 1427 1
61 1428 1
61 1808 1
61 1915 1
61 2073 1
61 2096 1
61 2257 1
62 62 1
62 64 1
62 1221 1
62 1948 1
63 63 1
63 375 1
63 849 1
63 850 1
63 851 1
63 852 1
63 1053 1
64 115 1
64 116 1
64 163 1
64 164 1
64 170 1
64 268 1
64 388 1
64 390 1
64 417 1
64 635 1
64 649 1
64 1038 1
64 1136 1
64 1247 1
64 1424 1
64 1555 1
65 65 1
65 377 1
65 944 1
66 66 1
66 566 1
66 1548 1
66 2171 1
66 2328 1
67 67 1
68 68 1
68 69 1
68 70 1
68 71 1
68 72 1
68 73 1
68 74 1
68 75 1
68 76 1
68 456 1
68 663 1
68 836 1
68 1041 1
68 1443 1
68 1817 1
68 2084 1
68 2220 1
69 102 1
69 181 1
69 195 1
69 299 1
69 334 1
69 530 1
69 709 1
69 717 1
69 827 1
69 867 1
69 874 1
69 984 1
69 1053 1
69 1395 1
69 1410 1
69 1520 1
69 1554 1
69 1880 1
69 1952 1
70 566 1
70 588 1
70 699 1
70 943 1
70 1038 1
70 1210 1
70 1849 1
70 2119 1
70 2287 1
71 143 1
71 238 1
71 399 1
71 566 1
71 664 1
71 699 1
71 1034 1
71 1041 1
71 1102 1
71 1167 1
71 1346 1
71 1408 1
71 1582 1
71 1726 1
71 1747 1
71 1817 1
71 1827 1
72 396 1
72 753 1
72 823 1
72 849 1
72 976 1
72 1041 1
72 1452 1
73 583 1
73 584 1
73 585 1
73 586 1
73 588 1
73 714 1
73 752 1
73 1033 1
73 1034 1
73 1114 1
73 1117 1
73 1122 1
73 1952 1
73 2143 1
74 319 1
74 709 1
74 1041 1
74 1192 1
74 1247 1
74 1444 1
74 1568 1
74 1896 1
74 2257 1
75 583 1
75 584 1
75 586 1
75 925 1
75 1033 1
75 1034 1
75 1038 1
75 1114 1
75 1117 1
75 1122 1
75 1350 1
75 1439 1
76 709 1
77 77 1
77 566 1
77 1679 1
78 120 1
78 126 1
78 132 1
78 134 1
78 135 1
78 1443 1
79 79 1
79 80 1
79 81 1
79 82 1
79 83 1
79 84 1
80 120 1
80 138 1
80 149 1
80 537 1
80 554 1
80 850 1
80 1001 1
80 1006 1
80 1866 1
80 2053 1
80 2273 1
82 209 1
82 372 1
82 874 1
82 1025 1
82 1378 1
82 1386 1
82 1805 1
82 1896 1
82 1972 1
82 2022 1
82 2114 1
82 2334 1
83 147 1
83 156 1
83 306 1
83 406 1
83 611 1
83 709 1
83 1007 1
83 1020 1
83 1269 1
83 1475 1
83 1487 1
83 1647 1
83 1709 1
83 2221 1
83 2222 1
83 2257 1
84 837 1
84 1948 1
85 85 1
85 843 1
86 86 1
86 87 1
87 508 1
87 1475 1
88 89 1
88 549 1
90 90 1
90 91 1
90 92 1
91 92 1
91 111 1
92 92 1
92 188 1
92 1178 1
93 93 1
93 94 1
93 95 1
93 96 1
93 97 1
93 98 1
93 99 1
93 100 1
93 101 1
93 102 1
93 103 1
94 102 1
94 450 1
94 456 1
94 485 1
94 664 1
94 699 1
94 1137 1
94 1153 1
94 1221 1
94 1381 1
95 102 1
95 1768 1
96 102 1
97 102 1
98 102 1
99 102 1
100 102 1
101 102 1
102 102 1
102 103 1
102 1325 1
103 1768 1
104 104 1
104 105 1
106 106 1
107 107 1
107 108 1
107 109 1
107 110 1
107 111 1
107 112 1
107 113 1
107 664 1
107 1566 1
110 111 1
111 221 1
111 630 1
111 664 1
111 1208 1
111 1506 1
111 1525 1
111 1566 1
111 2240 1
111 2241 1
111 2242 1
111 2243 1
111 2244 1
111 2245 1
111 2246 1
112 112 1
112 748 1
112 1478 1
112 1520 1
112 1961 1
113 425 1
114 114 1
114 1408 1
115 115 1
115 116 1
115 117 1
115 118 1
115 784 1
115 2078 1
116 116 1
116 117 1
116 170 1
116 349 1
116 635 1
116 1130 1
116 1136 1
117 186 1
117 349 1
117 478 1
117 508 1
117 635 1
117 995 1
117 1388 1
117 1962 1
117 2260 1
118 272 1
118 442 1
118 767 1
118 777 1
118 975 1
118 1240 1
118 1412 1
118 2138 1
118 2267 1
119 119 1
120 120 1
120 121 1
120 122 1
120 123 1
120 124 1
120 125 1
120 126 1
120 127 1
120 128 1
120 129 1
120 130 1
120 131 1
120 132 1
120 133 1
120 134 1
120 135 1
120 136 1
120 137 1
120 138 1
120 141 1
120 169 1
120 203 1
120 238 1
120 268 1
120 334 1
120 544 1
120 549 1
120 591 1
120 652 1
120 676 1
120 762 1
120 765 1
120 815 1
120 820 1
120 822 1
120 834 1
120 881 1
120 903 1
120 921 1
120 985 1
120 1016 1
120 1135 1
120 1347 1
120 1487 1
120 1493 1
120 1501 1
120 1557 1
120 1570 1
120 1599 1
120 1638 1
120 1812 1
120 1813 1
120 1814 1
121 126 1
121 131 1
121 132 1
121 134 1
121 135 1
121 165 1
121 252 1
121 697 1
121 882 1
121 1249 1
122 126 1
122 131 1
122 132 1
122 134 1
122 135 1
122 165 1
122 252 1
122 302 1
122 442 1
122 697 1
122 996 1
122 1106 1
122 1249 1
122 1915 1
122 2017 1
123 125 1
123 126 1
123 129 1
123 131 1
123 132 1
123 134 1
123 135 1
123 591 1
123 767 1
123 799 1
123 1120 1
123 1521 1
123 1532 1
125 126 1
125 129 1
125 131 1
125 134 1
125 549 1
125 1596 1
125 2322 1
126 126 1
126 127 1
126 131 1
126 132 1
126 134 1
126 135 1
126 137 1
126 138 1
126 166 1
126 167 1
126 168 1
126 169 1
126 174 1
126 241 1
126 242 1
126 243 1
126 244 1
126 245 1
126 246 1
126 247 1
126 248 1
126 249 1
126 250 1
126 251 1
126 252 1
126 253 1
126 302 1
126 442 1
126 492 1
126 537 1
126 1249 1
126 1742 1
126 1962 1
126 1981 1
126 2016 1
126 2030 1
126 2040 1
126 2216 1
126 2331 1
127 132 1
127 252 1
127 442 1
127 627 1
128 128 1
128 129 1
128 131 1
128 134 1
128 165 1
128 463 1
128 549 1
128 588 1
128 1912 1
128 2038 1
129 129 1
129 132 1
129 134 1
130 131 1
130 132 1
130 134 1
130 135 1
130 249 1
130 456 1
130 638 1
130 652 1
130 653 1
130 849 1
130 1106 1
130 2017 1
131 131 1
131 132 1
131 133 1
131 134 1
131 135 1
131 136 1
131 138 1
131 165 1
131 167 1
131 171 1
131 203 1
131 241 1
131 243 1
131 246 1
131 248 1
131 252 1
131 444 1
131 445 1
131 882 1
131 1439 1
131 1440 1
131 2040 1
132 132 1
132 134 1
132 135 1
132 136 1
132 167 1
132 252 1
132 442 1
132 443 1
132 537 1
133 135 1
133 165 1
133 243 1
133 252 1
133 290 1
133 302 1
133 425 1
133 427 1
133 442 1
133 443 1
133 492 1
133 537 1
133 546 1
133 697 1
133 882 1
133 1249 1
133 1250 1
133 1511 1
133 1570 1
133 1915 1
133 1917 1
133 1962 1
133 2040 1
133 2331 1
134 134 1
134 135 1
134 136 1
134 138 1
134 249 1
134 595 1
135 136 1
135 138 1
135 167 1
135 169 1
135 243 1
135 246 1
135 248 1
135 250 1
135 252 1
135 442 1
135 443 1
135 444 1
135 445 1
135 459 1
135 460 1
135 492 1
135 880 1
135 882 1
135 883 1
135 884 1
135 1021 1
135 1249 1
135 1250 1
135 1439 1
135 1440 1
135 1441 1
135 1808 1
135 1915 1
135 2000 1
135 2010 1
135 2040 1
135 2073 1
135 2257 1
135 2278 1
136 138 1
136 165 1
136 252 1
136 302 1
136 422 1
136 442 1
136 492 1
136 775 1
136 784 1
136 806 1
136 1106 1
136 1582 1
136 2257 1
137 170 1
137 199 1
137 400 1
137 490 1
137 1010 1
137 1021 1
137 1240 1
138 147 1
138 165 1
138 166 1
138 167 1
138 243 1
138 246 1
138 252 1
138 290 1
138 299 1
138 301 1
138 302 1
138 442 1
138 460 1
138 492 1
138 882 1
138 985 1
138 996 1
138 1106 1
138 1249 1
138 1440 1
138 1511 1
138 1570 1
138 1915 1
138 1959 1
138 2016 1
138 2017 1
138 2040 1
139 139 1
139 140 1
139 141 1
139 142 1
139 2095 1
142 142 1
142 2095 1
143 143 1
143 144 1
143 611 1
143 1487 1
143 1501 1
144 566 1
144 982 1
144 995 1
145 145 1
145 430 1
145 463 1
145 784 1
145 995 1
145 1025 1
145 1377 1
145 1679 1
145 1680 1
145 1817 1
145 1905 1
145 1934 1
145 1983 1
145 2022 1
145 2260 1
146 146 1
146 147 1
146 148 1
146 149 1
146 150 1
146 151 1
146 152 1
146 153 1
146 154 1
146 155 1
146 156 1
146 157 1
146 158 1
146 159 1
146 160 1
146 161 1
146 845 1
147 149 1
147 153 1
147 154 1
147 155 1
147 156 1
147 162 1
147 167 1
147 212 1
147 226 1
147 234 1
147 292 1
147 338 1
147 339 1
147 341 1
147 343 1
147 346 1
147 347 1
147 348 1
147 382 1
147 399 1
147 402 1
147 437 1
147 441 1
147 474 1
147 492 1
147 721 1
147 727 1
147 895 1
147 1052 1
147 1055 1
147 1129 1
147 1175 1
147 1255 1
147 1256 1
147 1277 1
147 1648 1
147 1725 1
147 1808 1
147 1828 1
147 1829 1
147 1857 1
147 1935 1
147 1942 1
147 1957 1
147 2053 1
147 2112 1
147 2127 1
147 2195 1
147 2196 1
147 2197 1
147 2198 1
147 2199 1
147 2200 1
147 2318 1
148 155 1
148 357 1
148 492 1
148 932 1
148 1010 1
148 1011 1
148 1255 1
148 1458 1
148 2073 1
148 2192 1
149 149 1
149 150 1
149 153 1
149 154 1
149 155 1
149 160 1
149 167 1
149 170 1
149 328 1
149 329 1
149 416 1
149 687 1
149 689 1
149 690 1
149 691 1
149 845 1
149 943 1
149 992 1
149 1179 1
149 1181 1
149 1202 1
149 1309 1
149 1497 1
149 1517 1
149 1971 1
150 150 1
150 152 1
150 153 1
150 154 1
150 155 1
150 158 1
150 160 1
150 170 1
150 199 1
150 255 1
150 263 1
150 367 1
150 371 1
150 687 1
150 688 1
150 689 1
150 690 1
150 691 1
150 939 1
150 1202 1
151 1010 1
151 1261 1
151 1392 1
152 153 1
152 155 1
152 254 1
152 505 1
152 679 1
152 689 1
152 1201 1
152 1202 1
153 153 1
153 155 1
153 156 1
153 157 1
153 158 1
153 159 1
153 160 1
153 161 1
153 170 1
153 199 1
153 214 1
153 365 1
153 367 1
153 545 1
153 688 1
153 689 1
153 690 1
153 691 1
153 845 1
153 874 1
153 985 1
153 1010 1
153 1136 1
153 1200 1
153 1202 1
153 1204 1
153 1252 1
153 1253 1
153 1254 1
153 1255 1
153 1256 1
153 1257 1
153 1258 1
153 1392 1
153 1435 1
154 155 1
154 689 1
154 845 1
154 1200 1
154 1202 1
155 155 1
155 160 1
155 161 1
155 263 1
155 367 1
155 369 1
155 371 1
155 687 1
155 689 1
155 690 1
155 691 1
155 845 1
156 226 1
156 234 1
156 303 1
156 338 1
156 388 1
156 399 1
156 481 1
156 492 1
156 895 1
156 1651 1
156 1942 1
156 2268 1
157 214 1
157 1010 1
157 1261 1
158 158 1
158 254 1
158 255 1
158 261 1
158 266 1
158 365 1
158 581 1
158 688 1
158 988 1
158 992 1
158 1144 1
158 1201 1
158 1202 1
159 844 1
159 1010 1
159 1261 1
160 688 1
160 689 1
160 845 1
160 939 1
160 1202 1
161 162 1
161 197 1
161 199 1
161 291 1
161 490 1
161 498 1
161 826 1
161 1010 1
161 1011 1
161 1392 1
161 2073 1
161 2096 1
162 162 1
162 163 1
162 164 1
162 165 1
162 166 1
162 167 1
162 168 1
162 169 1
162 170 1
162 171 1
162 172 1
162 416 1
162 490 1
162 492 1
162 543 1
162 644 1
162 872 1
162 941 1
162 1392 1
162 1534 1
162 1928 1
162 1929 1
162 2010 1
163 163 1
163 164 1
163 166 1
163 203 1
163 401 1
163 416 1
163 418 1
163 420 1
163 421 1
163 423 1
163 425 1
163 426 1
163 427 1
163 428 1
163 430 1
163 433 1
163 492 1
163 507 1
163 640 1
163 642 1
163 643 1
163 644 1
163 647 1
163 649 1
163 654 1
163 655 1
163 656 1
163 657 1
163 658 1
164 165 1
164 278 1
164 302 1
164 428 1
164 442 1
164 543 1
164 644 1
164 818 1
164 1028 1
165 165 1
165 167 1
165 169 1
165 171 1
165 203 1
165 243 1
165 248 1
165 252 1
165 302 1
165 425 1
165 442 1
165 443 1
165 445 1
165 490 1
165 491 1
165 544 1
165 642 1
165 697 1
165 882 1
165 884 1
165 985 1
165 1249 1
165 1570 1
165 2073 1
165 2168 1
166 172 1
166 268 1
166 272 1
166 416 1
166 428 1
166 442 1
166 543 1
166 644 1
166 872 1
166 882 1
166 1028 1
166 1053 1
166 1714 1
166 1808 1
166 1915 1
166 2278 1
166 2326 1
167 241 1
167 252 1
167 302 1
167 442 1
167 456 1
167 492 1
167 543 1
167 697 1
167 872 1
167 882 1
167 1249 1
167 1726 1
167 1896 1
167 2073 1
168 172 1
168 253 1
168 272 1
168 299 1
168 540 1
168 849 1
168 995 1
168 996 1
168 1259 1
168 1336 1
168 1582 1
168 2267 1
169 172 1
169 302 1
169 442 1
169 490 1
169 492 1
169 591 1
169 697 1
169 1053 1
169 1249 1
169 1570 1
169 1808 1
169 1915 1
169 2010 1
170 170 1
170 197 1
170 199 1
170 200 1
170 202 1
170 237 1
170 302 1
170 369 1
170 428 1
170 492 1
170 493 1
170 498 1
170 545 1
170 767 1
170 768 1
170 826 1
170 1010 1
170 1011 1
170 1295 1
170 1392 1
170 1570 1
170 1808 1
170 2073 1
170 2096 1
170 2112 1
171 399 1
171 416 1
171 422 1
171 428 1
171 490 1
171 492 1
171 882 1
171 1412 1
171 1915 1
171 1962 1
171 2010 1
171 2073 1
172 172 1
172 237 1
172 272 1
172 638 1
172 996 1
172 1011 1
172 1106 1
172 1430 1
172 1443 1
172 2073 1
172 2096 1
173 173 1
174 174 1
174 175 1
174 176 1
174 177 1
174 178 1
174 1038 1
175 1038 1
176 176 1
176 361 1
176 461 1
176 737 1
176 744 1
176 748 1
176 811 1
176 849 1
176 1227 1
176 1228 1
176 1229 1
176 1230 1
176 1231 1
176 1232 1
176 1233 1
176 1234 1
176 1235 1
176 1275 1
176 2164 1
177 1607 1
178 1038 1
179 179 1
179 180 1
179 181 1
179 182 1
179 183 1
179 184 1
179 185 1
179 204 1
179 376 1
179 1139 1
179 1170 1
179 1520 1
179 1583 1
179 1624 1
179 1950 1
180 181 1
180 183 1
181 181 1
181 182 1
181 183 1
181 208 1
181 209 1
181 210 1
181 885 1
181 1170 1
181 1607 1
181 1912 1
182 183 1
183 183 1
183 946 1
183 947 1
183 948 1
183 950 1
183 2078 1
184 209 1
184 227 1
184 252 1
184 265 1
184 285 1
184 426 1
184 428 1
184 1016 1
184 1279 1
184 1674 1
184 1805 1
184 1806 1
184 1886 1
184 2090 1
184 2202 1
184 2306 1
185 396 1
185 425 1
185 510 1
185 520 1
185 593 1
185 627 1
185 697 1
185 709 1
185 844 1
185 849 1
185 850 1
185 1038 1
185 1194 1
185 1599 1
185 1912 1
185 2137 1
185 2238 1
185 2268 1
186 186 1
186 187 1
186 252 1
186 290 1
186 1067 1
186 1069 1
186 1208 1
186 1218 1
186 1311 1
186 1521 1
186 1551 1
186 1852 1
186 1881 1
186 2346 1
186 2347 1
186 2348 1
186 2349 1
186 2350 1
187 896 1
187 1178 1
187 1281 1
187 1403 1
187 1422 1
188 304 1
188 867 1
188 1052 1
188 1058 1
189 189 1
189 190 1
189 191 1
189 192 1
189 193 1
189 283 1
189 1535 1
189 1587 1
189 1714 1
189 1767 1
189 1822 1
189 2001 1
189 2290 1
190 190 1
190 191 1
190 192 1
190 309 1
190 310 1
190 311 1
190 312 1
190 313 1
190 1252 1
190 1500 1
190 1501 1
190 1962 1
190 2001 1
190 2283 1
190 2332 1
191 1476 1
191 1521 1
192 1602 1
194 194 1
194 195 1
194 196 1
194 197 1
194 198 1
194 1432 1
194 1731 1
194 1732 1
194 1733 1
195 198 1
195 632 1
195 827 1
195 1113 1
195 1176 1
195 1618 1
195 1707 1
195 1861 1
195 2252 1
196 197 1
196 198 1
196 1045 1
196 1059 1
196 1489 1
196 1546 1
196 1739 1
196 1795 1
196 1919 1
196 1971 1
196 2342 1
196 2343 1
196 2344 1
197 198 1
197 278 1
197 283 1
197 1337 1
197 1618 1
197 1767 1
197 1775 1
198 508 1
198 633 1
198 647 1
198 837 1
198 1656 1
199 199 1
199 200 1
199 201 1
199 202 1
199 203 1
199 372 1
199 492 1
199 498 1
199 537 1
199 679 1
199 732 1
199 826 1
199 887 1
199 1021 1
199 1181 1
199 1208 1
199 1323 1
199 1392 1
199 1554 1
199 1569 1
199 1577 1
199 1625 1
199 1647 1
199 1685 1
199 1831 1
199 1854 1
199 1886 1
199 1896 1
199 2022 1
199 2073 1
199 2257 1
199 2273 1
200 1283 1
201 611 1
201 806 1
201 1055 1
201 1100 1
201 1452 1
202 302 1
202 350 1
202 356 1
202 394 1
202 490 1
202 591 1
202 1010 1
203 416 1
203 428 1
203 490 1
203 492 1
203 549 1
203 644 1
203 657 1
203 767 1
203 775 1
203 777 1
203 806 1
203 882 1
203 1100 1
203 1129 1
203 2238 1
204 204 1
204 205 1
204 206 1
207 207 1
207 357 1
208 874 1
208 1289 1
208 1443 1
209 209 1
209 210 1
209 238 1
209 307 1
209 321 1
209 322 1
209 323 1
209 324 1
209 325 1
209 328 1
209 369 1
209 523 1
209 566 1
209 570 1
209 588 1
209 684 1
209 775 1
209 907 1
209 910 1
209 930 1
209 970 1
209 983 1
209 1006 1
209 1054 1
209 1111 1
209 1139 1
209 1187 1
209 1310 1
209 1580 1
209 1587 1
209 1615 1
209 1616 1
209 1617 1
209 1621 1
209 1624 1
209 1653 1
209 1654 1
209 1655 1
209 1702 1
209 1749 1
209 1824 1
209 1853 1
209 1854 1
209 1855 1
209 1856 1
209 1857 1
209 1858 1
209 1859 1
209 1860 1
209 1861 1
209 1862 1
209 1863 1
209 1864 1
209 1865 1
209 1912 1
209 2138 1
209 2251 1
209 2299 1
209 2308 1
209 2326 1
210 321 1
210 322 1
210 323 1
210 324 1
210 325 1
210 369 1
210 523 1
210 684 1
210 775 1
210 1004 1
210 1324 1
210 1443 1
210 1521 1
210 1525 1
210 1582 1
210 1615 1
210 1648 1
210 1895 1
210 1903 1
210 2053 1
210 2170 1
210 2189 1
210 2267 1
211 211 1
211 212 1
211 213 1
211 214 1
212 212 1
212 214 1
212 301 1
212 302 1
212 304 1
212 402 1
212 403 1
212 404 1
212 437 1
212 620 1
212 622 1
212 843 1
212 1020 1
212 1094 1
212 1096 1
212 1097 1
212 1098 1
212 1171 1
212 1172 1
212 1173 1
212 1379 1
212 1714 1
212 2208 1
213 280 1
213 296 1
213 399 1
213 447 1
213 520 1
213 595 1
213 664 1
213 1346 1
213 1350 1
213 1443 1
213 1554 1
213 1900 1
213 1966 1
214 214 1
214 276 1
214 299 1
214 302 1
214 402 1
214 403 1
214 404 1
214 437 1
214 596 1
214 1094 1
214 1095 1
214 1096 1
214 1097 1
214 1098 1
214 1171 1
215 215 1
215 216 1
217 217 1
217 218 1
217 219 1
217 220 1
217 221 1
217 222 1
217 223 1
217 224 1
217 225 1
217 389 1
217 659 1
217 911 1
218 218 1
218 225 1
218 495 1
218 1787 1
219 318 1
219 480 1
219 753 1
219 765 1
219 767 1
220 220 1
220 389 1
220 833 1
220 1787 1
220 2015 1
221 290 1
221 1144 1
221 1207 1
221 1208 1
221 1311 1
222 472 1
223 1787 1
224 224 1
224 1046 1
225 225 1
226 226 1
226 616 1
226 708 1
226 709 1
226 710 1
226 1570 1
226 1571 1
226 1572 1
226 2257 1
227 227 1
227 228 1
227 229 1
227 230 1
227 231 1
227 232 1
227 233 1
227 234 1
227 235 1
227 236 1
227 237 1
227 238 1
227 239 1
227 549 1
227 877 1
227 1187 1
227 1587 1
227 1618 1
227 1678 1
227 1688 1
228 1962 1
228 2173 1
229 280 1
229 549 1
229 777 1
229 1010 1
229 1311 1
229 1337 1
230 854 1
231 231 1
231 232 1
231 233 1
231 234 1
231 236 1
231 447 1
231 959 1
231 960 1
231 961 1
231 962 1
231 963 1
231 964 1
231 965 1
231 966 1
231 967 1
231 968 1
231 969 1
231 970 1
231 971 1
231 972 1
231 1020 1
231 1043 1
231 1081 1
231 1131 1
231 1279 1
231 1307 1
231 1333 1
231 1520 1
231 1614 1
231 1680 1
231 1756 1
231 2072 1
232 236 1
232 566 1
232 1131 1
232 1279 1
232 1307 1
232 1614 1
232 1663 1
232 1680 1
232 2072 1
233 233 1
233 236 1
233 338 1
233 970 1
233 978 1
234 234 1
234 236 1
234 335 1
234 337 1
234 338 1
234 1168 1
234 1169 1
236 236 1
236 685 1
236 686 1
236 1131 1
236 1305 1
236 1306 1
236 1307 1
236 1680 1
236 2082 1
236 2084 1
236 2206 1
237 272 1
237 294 1
237 298 1
237 334 1
237 435 1
237 454 1
237 541 1
237 583 1
237 644 1
237 709 1
237 1058 1
237 1392 1
237 1449 1
238 238 1
238 398 1
238 479 1
238 824 1
238 1044 1
238 1045 1
238 1283 1
238 1285 1
238 1286 1
238 1287 1
238 1326 1
238 1606 1
238 1896 1
238 1910 1
238 2022 1
238 2078 1
238 2138 1
238 2273 1
238 2334 1
239 278 1
239 302 1
239 399 1
239 492 1
239 537 1
239 595 1
239 885 1
239 920 1
239 1021 1
239 1181 1
239 1376 1
239 1915 1
239 2006 1
239 2257 1
240 240 1
241 241 1
241 243 1
241 442 1
241 444 1
241 1249 1
242 252 1
242 537 1
243 252 1
243 290 1
243 442 1
243 492 1
243 537 1
243 697 1
243 882 1
243 1240 1
243 1363 1
243 1896 1
243 1915 1
243 2040 1
243 2104 1
243 2105 1
243 2106 1
245 442 1
245 537 1
245 784 1
245 1915 1
245 2257 1
246 302 1
246 442 1
246 1249 1
246 1962 1
247 247 1
247 547 1
247 548 1
247 823 1
248 442 1
248 492 1
248 1249 1
248 1570 1
249 249 1
249 652 1
249 653 1
249 996 1
249 1106 1
250 252 1
250 302 1
251 846 1
251 996 1
252 252 1
252 268 1
252 290 1
252 302 1
252 427 1
252 442 1
252 443 1
252 444 1
252 445 1
252 492 1
252 697 1
252 872 1
252 880 1
252 882 1
252 883 1
252 1045 1
252 1137 1
252 1249 1
252 1250 1
252 1480 1
252 1484 1
252 1495 1
252 1538 1
252 1545 1
252 1593 1
252 1690 1
252 1739 1
252 1793 1
252 1794 1
252 1795 1
252 1796 1
252 1797 1
252 1798 1
252 1915 1
252 2016 1
252 2257 1
253 253 1
253 272 1
253 299 1
253 497 1
253 498 1
253 540 1
253 721 1
253 910 1
253 995 1
253 1099 1
253 1100 1
253 1101 1
253 1259 1
253 2267 1
254 254 1
254 255 1
254 256 1
254 257 1
254 258 1
254 259 1
254 260 1
254 261 1
254 262 1
254 263 1
254 264 1
254 265 1
254 266 1
254 267 1
254 268 1
254 269 1
254 270 1
254 271 1
254 992 1
255 255 1
255 266 1
255 365 1
255 688 1
255 988 1
255 1201 1
255 1202 1
256 266 1
256 1435 1
257 261 1
257 264 1
257 265 1
257 688 1
258 266 1
258 268 1
258 992 1
259 259 1
260 261 1
260 266 1
260 992 1
260 1435 1
260 2261 1
261 261 1
261 263 1
261 264 1
261 266 1
261 267 1
261 268 1
261 314 1
261 365 1
261 992 1
261 1202 1
261 1435 1
262 992 1
263 266 1
263 268 1
263 503 1
263 505 1
263 509 1
263 673 1
263 679 1
263 688 1
263 872 1
263 988 1
263 992 1
263 1200 1
263 1201 1
263 1202 1
263 1435 1
264 265 1
264 266 1
264 267 1
264 688 1
264 992 1
264 1202 1
264 1435 1
265 265 1
265 266 1
265 268 1
265 277 1
265 365 1
265 688 1
265 1202 1
265 1435 1
266 268 1
266 269 1
266 270 1
266 366 1
266 368 1
266 1435 1
267 688 1
267 1435 1
268 268 1
268 272 1
268 492 1
268 545 1
268 611 1
268 644 1
268 688 1
268 806 1
268 990 1
268 991 1
268 992 1
268 1435 1
269 688 1
269 992 1
269 1435 1
270 992 1
270 1435 1
272 272 1
272 273 1
272 274 1
272 275 1
272 276 1
272 277 1
272 278 1
272 279 1
272 280 1
272 281 1
272 282 1
272 283 1
272 1714 1
273 299 1
273 1102 1
274 315 1
275 275 1
275 280 1
275 299 1
275 301 1
275 302 1
275 362 1
275 363 1
275 530 1
275 554 1
275 596 1
275 985 1
275 1224 1
275 2261 1
276 298 1
276 304 1
276 591 1
276 593 1
276 752 1
276 827 1
276 833 1
276 867 1
276 874 1
276 1052 1
276 1053 1
276 1058 1
276 1213 1
276 1607 1
277 277 1
277 399 1
277 633 1
277 924 1
277 925 1
277 926 1
277 927 1
277 928 1
277 929 1
277 930 1
277 1422 1
277 1446 1
278 278 1
278 301 1
278 351 1
278 824 1
278 1647 1
278 1816 1
278 2131 1
279 1444 1
280 280 1
280 299 1
280 301 1
280 302 1
280 361 1
280 362 1
280 363 1
280 364 1
280 850 1
282 657 1
282 1393 1
282 1443 1
282 1726 1
283 283 1
283 290 1
283 369 1
283 428 1
283 508 1
283 596 1
283 627 1
283 632 1
283 697 1
283 829 1
283 1011 1
283 1038 1
283 1041 1
283 1053 1
283 1100 1
283 1172 1
283 1295 1
283 1350 1
283 1443 1
283 1559 1
283 1648 1
283 1727 1
283 1866 1
283 1896 1
283 2022 1
283 2093 1
283 2141 1
283 2161 1
284 284 1
284 285 1
284 286 1
284 287 1
284 288 1
284 289 1
284 290 1
284 291 1
284 292 1
284 293 1
284 294 1
284 474 1
284 919 1
285 285 1
285 286 1
285 287 1
285 288 1
285 289 1
285 291 1
285 292 1
285 293 1
285 294 1
285 320 1
285 474 1
285 543 1
285 919 1
285 1187 1
285 1587 1
286 286 1
286 287 1
286 289 1
286 290 1
286 291 1
286 292 1
286 293 1
286 294 1
286 316 1
286 474 1
286 543 1
286 919 1
287 287 1
287 288 1
287 289 1
287 290 1
287 291 1
287 292 1
287 293 1
287 294 1
287 295 1
287 316 1
287 474 1
287 543 1
287 919 1
288 289 1
288 291 1
288 292 1
288 293 1
288 474 1
288 543 1
288 919 1
288 1003 1
289 289 1
289 290 1
289 291 1
289 292 1
289 293 1
289 294 1
289 474 1
289 543 1
289 917 1
289 919 1
289 1003 1
290 291 1
290 292 1
290 293 1
290 444 1
290 474 1
290 497 1
290 498 1
290 543 1
290 686 1
290 784 1
290 879 1
290 883 1
290 919 1
290 1003 1
290 1144 1
290 1254 1
290 1440 1
290 1477 1
290 1478 1
290 1487 1
290 1497 1
290 1506 1
290 1533 1
290 1534 1
290 1535 1
290 1536 1
290 1537 1
290 1538 1
290 1539 1
290 1540 1
290 1931 1
291 291 1
291 292 1
291 293 1
291 294 1
291 316 1
291 474 1
291 919 1
291 1436 1
292 292 1
292 293 1
292 294 1
292 316 1
292 474 1
292 543 1
292 917 1
292 918 1
292 919 1
293 293 1
293 294 1
293 543 1
293 919 1
293 1003 1
294 294 1
294 315 1
294 316 1
294 317 1
294 375 1
294 474 1
294 543 1
294 748 1
294 985 1
294 1065 1
295 302 1
296 296 1
296 297 1
296 359 1
296 499 1
296 520 1
296 661 1
296 1247 1
298 298 1
298 299 1
298 300 1
298 301 1
298 302 1
298 303 1
298 304 1
298 581 1
299 299 1
299 301 1
299 302 1
299 305 1
299 306 1
299 307 1
299 308 1
299 663 1
299 1028 1
299 1714 1
300 390 1
300 566 1
300 591 1
300 875 1
300 985 1
300 1087 1
300 1120 1
300 1866 1
300 2096 1
301 302 1
301 318 1
301 784 1
301 1021 1
301 1028 1
301 1181 1
301 1225 1
301 1402 1
301 1714 1
301 1808 1
301 2223 1
302 308 1
302 316 1
302 318 1
302 361 1
302 425 1
302 442 1
302 544 1
302 549 1
302 591 1
302 649 1
302 783 1
302 834 1
302 985 1
302 1016 1
302 1021 1
302 1028 1
302 1109 1
302 1136 1
302 1208 1
302 1224 1
302 1225 1
302 1249 1
302 1309 1
302 1497 1
302 1511 1
302 1555 1
302 1630 1
302 1714 1
302 1770 1
302 1775 1
302 1805 1
302 1808 1
302 1960 1
302 1976 1
302 2053 1
302 2055 1
302 2107 1
302 2108 1
302 2109 1
303 303 1
303 304 1
303 591 1
303 625 1
303 867 1
303 874 1
303 1058 1
304 304 1
304 566 1
304 591 1
304 592 1
304 593 1
304 620 1
304 621 1
304 622 1
304 623 1
304 624 1
304 625 1
304 626 1
304 703 1
304 867 1
304 874 1
304 1058 1
306 2048 1
307 995 1
307 996 1
307 1259 1
307 2267 1
315 315 1
315 316 1
315 317 1
315 318 1
316 316 1
316 317 1
318 318 1
318 453 1
318 865 1
318 1109 1
318 1151 1
318 1152 1
318 1264 1
319 319 1
319 320 1
319 1476 1
319 1695 1
321 325 1
321 1870 1
322 325 1
322 523 1
322 674 1
322 775 1
322 1025 1
322 1303 1
323 325 1
323 425 1
323 523 1
323 1303 1
324 325 1
325 325 1
325 429 1
325 775 1
325 1054 1
326 326 1
327 327 1
328 328 1
328 329 1
328 784 1
328 1435 1
328 1554 1
328 1896 1
328 1953 1
328 2022 1
328 2114 1
328 2172 1
328 2256 1
328 2270 1
328 2334 1
329 1016 1
329 1255 1
329 1435 1
329 1922 1
329 1966 1
329 2114 1
329 2172 1
329 2216 1
329 2273 1
330 331 1
330 332 1
330 333 1
332 442 1
334 334 1
334 335 1
334 336 1
334 337 1
334 338 1
334 581 1
334 854 1
334 995 1
334 1378 1
334 1475 1
334 1505 1
334 1613 1
334 1647 1
334 1664 1
334 1896 1
334 1904 1
334 1974 1
334 2012 1
334 2022 1
334 2172 1
334 2250 1
334 2260 1
334 2299 1
335 338 1
336 777 1
336 1010 1
336 1213 1
336 1412 1
337 338 1
338 338 1
338 507 1
338 590 1
338 1168 1
338 1169 1
338 1394 1
338 1704 1
338 1705 1
338 1706 1
339 339 1
339 340 1
339 341 1
339 342 1
339 343 1
339 344 1
339 345 1
339 346 1
339 347 1
339 348 1
339 382 1
339 1129 1
341 341 1
341 342 1
341 343 1
341 344 1
341 346 1
341 347 1
341 348 1
341 382 1
341 383 1
341 384 1
341 703 1
341 1129 1
342 346 1
342 382 1
342 1129 1
343 346 1
343 382 1
343 1129 1
344 346 1
344 382 1
344 850 1
344 1129 1
344 2216 1
345 346 1
345 382 1
345 1129 1
346 346 1
346 347 1
346 348 1
346 382 1
346 383 1
346 401 1
346 642 1
346 850 1
346 1129 1
347 382 1
347 850 1
347 1129 1
348 382 1
348 703 1
348 1129 1
349 349 1
349 530 1
350 350 1
350 351 1
350 352 1
350 353 1
350 354 1
350 355 1
350 356 1
351 351 1
351 352 1
351 353 1
351 946 1
351 949 1
351 1056 1
351 1057 1
351 2070 1
352 353 1
352 588 1
352 669 1
352 887 1
352 946 1
352 949 1
352 1045 1
352 1055 1
352 1056 1
352 1484 1
352 1498 1
352 1557 1
352 1582 1
352 1846 1
352 1950 1
352 2127 1
353 588 1
353 925 1
353 946 1
353 1055 1
353 1167 1
353 1606 1
353 1691 1
353 1950 1
353 2070 1
353 2186 1
353 2187 1
355 854 1
355 1585 1
355 1912 1
355 2356 1
356 356 1
356 393 1
356 394 1
356 591 1
356 1443 1
357 357 1
357 358 1
357 359 1
357 360 1
357 425 1
357 549 1
357 1960 1
357 2006 1
357 2007 1
358 1520 1
358 1605 1
358 2352 1
359 359 1
359 721 1
359 1452 1
361 361 1
361 362 1
361 363 1
361 364 1
361 1626 1
365 365 1
365 366 1
365 367 1
365 368 1
365 369 1
365 370 1
365 371 1
365 688 1
365 988 1
365 1202 1
366 631 1
366 688 1
366 988 1
366 1200 1
366 1201 1
366 1202 1
366 1435 1
367 688 1
367 992 1
367 1010 1
367 1200 1
367 1202 1
368 988 1
368 1200 1
368 1202 1
369 643 1
369 648 1
369 988 1
369 1166 1
369 1167 1
369 1202 1
369 1281 1
369 1337 1
369 1478 1
369 1589 1
369 1689 1
369 1802 1
370 688 1
370 988 1
370 992 1
370 1200 1
370 1201 1
370 1202 1
371 505 1
371 688 1
371 689 1
371 872 1
371 988 1
371 992 1
371 1200 1
371 1202 1
371 2216 1
372 372 1
372 373 1
372 374 1
372 375 1
372 697 1
372 777 1
372 1599 1
372 2022 1
372 2251 1
373 373 1
373 375 1
373 648 1
373 1011 1
373 1194 1
373 1599 1
373 1994 1
373 2156 1
373 2266 1
373 2267 1
374 430 1
374 1568 1
374 1599 1
374 1983 1
375 392 1
375 435 1
375 439 1
375 447 1
375 849 1
375 867 1
375 1016 1
376 376 1
376 377 1
376 537 1
376 652 1
376 784 1
376 836 1
376 1582 1
376 1680 1
376 1726 1
376 1772 1
376 1808 1
376 1896 1
376 2022 1
376 2143 1
376 2334 1
377 595 1
378 378 1
378 379 1
378 380 1
378 381 1
378 671 1
378 677 1
378 784 1
378 882 1
379 784 1
380 784 1
381 784 1
382 382 1
382 383 1
382 384 1
382 617 1
382 850 1
382 1129 1
383 617 1
383 1129 1
385 385 1
385 386 1
385 387 1
385 388 1
386 549 1
386 827 1
386 1557 1
386 1663 1
386 1695 1
386 1950 1
386 2351 1
387 2215 1
388 388 1
388 589 1
388 684 1
388 823 1
388 827 1
388 828 1
388 829 1
388 830 1
388 837 1
388 874 1
388 1041 1
388 1066 1
388 1484 1
388 1520 1
388 2157 1
389 389 1
389 390 1
389 391 1
390 390 1
390 566 1
390 591 1
390 597 1
390 622 1
390 746 1
390 874 1
390 875 1
390 985 1
390 1070 1
390 1071 1
390 1072 1
390 1087 1
390 1088 1
390 1089 1
390 1090 1
390 1091 1
390 1092 1
390 1119 1
390 1120 1
390 1772 1
390 2164 1
391 391 1
391 566 1
391 1069 1
391 1070 1
391 1071 1
391 1072 1
391 1073 1
391 1074 1
391 1075 1
391 1120 1
391 1439 1
391 1912 1
393 394 1
393 591 1
395 395 1
395 508 1
395 627 1
396 396 1
396 397 1
396 398 1
396 399 1
396 400 1
397 397 1
397 692 1
398 456 1
398 485 1
398 549 1
398 616 1
398 627 1
398 632 1
398 664 1
398 699 1
398 849 1
398 1041 1
398 1100 1
398 1102 1
398 1194 1
398 1281 1
398 1346 1
398 1379 1
399 399 1
399 424 1
399 537 1
399 549 1
399 587 1
399 588 1
399 818 1
399 873 1
399 884 1
399 930 1
399 960 1
399 962 1
399 963 1
399 970 1
399 972 1
399 997 1
399 998 1
399 999 1
399 1000 1
399 1001 1
399 1002 1
399 1385 1
399 1446 1
399 1994 1
399 2058 1
400 1866 1
401 401 1
401 402 1
401 403 1
401 404 1
401 416 1
401 644 1
401 767 1
401 1129 1
402 1098 1
402 1171 1
402 1707 1
403 1171 1
405 405 1
406 406 1
406 407 1
406 408 1
406 409 1
406 554 1
406 784 1
406 854 1
406 2267 1
407 554 1
407 806 1
407 1188 1
409 661 1
410 410 1
411 411 1
411 412 1
411 413 1
411 414 1
411 415 1
411 861 1
411 2184 1
416 416 1
416 417 1
416 418 1
416 419 1
416 420 1
416 421 1
416 422 1
416 423 1
416 424 1
416 425 1
416 426 1
416 427 1
416 428 1
416 429 1
416 430 1
416 431 1
416 432 1
416 433 1
416 627 1
416 644 1
416 784 1
416 995 1
416 1004 1
416 1412 1
416 1962 1
416 2330 1
417 417 1
417 422 1
417 554 1
417 1412 1
418 644 1
418 1880 1
419 644 1
420 644 1
421 428 1
421 644 1
421 996 1
421 1028 1
422 422 1
422 424 1
422 431 1
422 492 1
422 544 1
422 575 1
422 784 1
422 1004 1
422 1412 1
422 1413 1
422 1414 1
422 1638 1
422 1838 1
423 644 1
425 425 1
425 426 1
425 428 1
425 492 1
425 549 1
425 628 1
425 644 1
425 649 1
425 650 1
425 651 1
425 1028 1
425 1458 1
425 1915 1
425 1962 1
425 2010 1
425 2073 1
425 2257 1
425 2278 1
426 644 1
426 1187 1
426 1511 1
426 1587 1
426 1678 1
426 2299 1
427 428 1
427 642 1
427 644 1
427 1019 1
427 1028 1
427 1930 1
428 428 1
428 433 1
428 445 1
428 507 1
428 640 1
428 641 1
428 642 1
428 643 1
428 644 1
428 645 1
428 646 1
428 647 1
428 648 1
428 799 1
428 1017 1
428 1187 1
428 1489 1
428 1520 1
428 1638 1
428 1678 1
428 1808 1
428 1814 1
428 1871 1
428 2050 1
428 2051 1
429 447 1
429 549 1
429 569 1
429 632 1
429 664 1
429 699 1
429 850 1
429 885 1
429 943 1
429 1323 1
429 1350 1
430 644 1
430 1493 1
430 1502 1
430 2099 1
431 784 1
431 1412 1
433 644 1
434 434 1
435 436 1
435 437 1
435 438 1
435 439 1
435 440 1
435 441 1
435 1181 1
436 439 1
437 439 1
439 439 1
439 440 1
439 441 1
439 461 1
439 462 1
439 1181 1
440 574 1
440 1181 1
441 492 1
441 1181 1
441 1232 1
441 2164 1
442 442 1
442 443 1
442 444 1
442 445 1
442 459 1
442 460 1
442 490 1
442 491 1
442 492 1
442 640 1
442 652 1
442 697 1
442 879 1
442 880 1
442 881 1
442 882 1
442 883 1
442 1108 1
442 1249 1
442 1516 1
442 1517 1
442 1981 1
442 2016 1
442 2040 1
442 2257 1
443 492 1
443 872 1
443 882 1
443 1102 1
443 1249 1
443 1570 1
443 2073 1
444 697 1
444 784 1
444 1249 1
444 2040 1
445 882 1
445 1016 1
446 446 1
446 508 1
446 995 1
446 1905 1
446 1921 1
446 2169 1
447 447 1
447 448 1
447 449 1
447 2022 1
450 450 1
450 451 1
450 452 1
450 453 1
450 644 1
450 905 1
453 453 1
453 905 1
453 907 1
453 919 1
453 1146 1
453 1147 1
453 1148 1
453 1149 1
453 1150 1
453 2313 1
453 2314 1
454 454 1
454 455 1
454 456 1
454 457 1
454 458 1
456 456 1
456 457 1
456 458 1
456 459 1
456 460 1
457 1114 1
458 526 1
459 882 1
459 1001 1
459 1249 1
459 1962 1
460 1714 1
460 2010 1
461 721 1
461 737 1
461 1068 1
461 1406 1
462 537 1
462 867 1
462 1181 1
462 2164 1
463 463 1
463 968 1
463 1076 1
463 1077 1
463 1084 1
463 1309 1
463 1498 1
463 1618 1
463 1621 1
463 1721 1
463 1767 1
463 1852 1
463 2335 1
464 464 1
465 465 1
465 466 1
465 467 1
465 468 1
465 469 1
465 470 1
465 471 1
466 466 1
469 1377 1
469 2202 1
471 1337 1
472 472 1
472 498 1
473 473 1
474 475 1
474 476 1
474 477 1
474 543 1
474 919 1
475 882 1
478 478 1
478 479 1
478 480 1
478 481 1
478 516 1
478 581 1
478 659 1
478 941 1
478 1030 1
478 1110 1
478 1542 1
478 1600 1
478 1636 1
478 1744 1
478 1776 1
478 1834 1
478 1835 1
478 1836 1
478 1837 1
478 2022 1
478 2224 1
480 480 1
480 481 1
480 660 1
480 1288 1
481 481 1
482 482 1
483 483 1
483 484 1
484 499 1
484 1442 1
484 2022 1
485 485 1
485 486 1
485 487 1
485 488 1
486 566 1
486 583 1
486 584 1
486 586 1
486 588 1
486 925 1
486 1033 1
486 1034 1
486 1114 1
486 1117 1
486 1122 1
486 1817 1
486 1952 1
487 664 1
489 489 1
489 1460 1
490 491 1
490 492 1
490 493 1
490 627 1
490 2216 1
491 492 1
491 697 1
491 872 1
491 1249 1
491 1962 1
491 2010 1
492 544 1
492 546 1
492 591 1
492 642 1
492 644 1
492 649 1
492 821 1
492 826 1
492 834 1
492 921 1
492 1016 1
492 1017 1
492 1099 1
492 1144 1
492 1511 1
492 1555 1
492 1638 1
492 1785 1
492 1814 1
492 1916 1
492 1917 1
492 1958 1
492 2006 1
492 2011 1
492 2227 1
492 2228 1
492 2229 1
492 2230 1
493 505 1
493 775 1
493 777 1
493 804 1
493 806 1
493 1392 1
494 494 1
494 495 1
494 496 1
494 497 1
494 498 1
494 499 1
494 500 1
494 501 1
494 502 1
494 617 1
495 569 1
495 593 1
495 833 1
495 885 1
495 1281 1
495 1376 1
495 1452 1
496 498 1
496 499 1
496 500 1
496 501 1
496 566 1
496 837 1
496 1435 1
496 1817 1
496 1896 1
496 2090 1
496 2113 1
496 2138 1
496 2353 1
497 498 1
497 499 1
497 500 1
497 501 1
497 617 1
497 1261 1
497 1392 1
497 1714 1
498 499 1
498 501 1
498 502 1
498 826 1
498 1714 1
498 1732 1
499 499 1
499 500 1
499 501 1
499 502 1
499 511 1
499 512 1
499 617 1
499 784 1
499 936 1
499 1043 1
499 1176 1
499 1194 1
499 1324 1
499 1358 1
499 1480 1
499 1542 1
499 1578 1
499 1579 1
499 1581 1
499 1617 1
499 1655 1
499 1657 1
499 1660 1
499 1714 1
499 1945 1
499 1970 1
499 2061 1
500 501 1
500 502 1
500 550 1
500 617 1
500 983 1
500 1040 1
500 1358 1
500 1526 1
500 1577 1
500 1670 1
500 1671 1
500 1672 1
500 1714 1
501 501 1
501 502 1
501 617 1
501 1136 1
501 1221 1
502 617 1
502 1172 1
502 1714 1
503 503 1
503 504 1
503 505 1
503 506 1
503 507 1
503 508 1
503 509 1
503 1750 1
504 505 1
504 509 1
504 679 1
504 811 1
504 872 1
504 988 1
504 992 1
504 1202 1
504 1645 1
504 2253 1
505 505 1
505 508 1
505 509 1
505 672 1
505 676 1
505 680 1
505 688 1
505 767 1
505 782 1
505 785 1
505 789 1
505 791 1
505 795 1
505 798 1
505 801 1
505 987 1
505 988 1
505 989 1
505 992 1
505 1200 1
505 1202 1
506 872 1
506 992 1
507 644 1
507 872 1
507 1028 1
508 509 1
508 582 1
508 601 1
508 659 1
508 673 1
508 679 1
508 688 1
508 716 1
508 824 1
508 941 1
508 988 1
508 989 1
508 992 1
508 1110 1
508 1136 1
508 1200 1
508 1201 1
508 1202 1
508 1311 1
508 1478 1
508 1487 1
508 1501 1
508 1502 1
508 1600 1
508 1602 1
508 1605 1
508 1636 1
508 1637 1
508 1699 1
508 1731 1
508 1732 1
508 1769 1
508 1776 1
508 1777 1
508 1778 1
508 1779 1
508 1780 1
508 1781 1
508 1782 1
508 1783 1
508 1784 1
508 1785 1
508 1786 1
509 509 1
509 673 1
509 679 1
509 681 1
509 688 1
509 872 1
509 988 1
509 989 1
509 992 1
509 1201 1
509 1202 1
509 1624 1
510 510 1
510 699 1
510 1038 1
510 1041 1
510 1167 1
510 1194 1
512 1194 1
513 513 1
514 514 1
515 515 1
516 516 1
516 517 1
516 518 1
516 519 1
516 1373 1
516 1508 1
516 1527 1
516 1528 1
516 1529 1
516 1530 1
516 1531 1
516 2273 1
517 517 1
517 2138 1
518 1531 1
518 1920 1
518 2017 1
518 2238 1
519 1508 1
519 1685 1
520 520 1
521 521 1
522 522 1
523 523 1
524 524 1
524 1045 1
524 1515 1
524 1616 1
524 1718 1
524 1947 1
525 525 1
526 526 1
527 527 1
528 528 1
529 529 1
530 530 1
530 531 1
530 532 1
530 533 1
534 534 1
535 535 1
536 536 1
537 538 1
537 539 1
537 550 1
537 595 1
537 611 1
537 826 1
537 1017 1
537 1179 1
537 1218 1
537 1253 1
537 1521 1
537 1588 1
537 1589 1
537 1590 1
537 1591 1
537 1592 1
537 1593 1
537 1594 1
537 1595 1
537 1596 1
537 1597 1
537 1598 1
539 1573 1
540 540 1
540 541 1
540 542 1
540 549 1
540 583 1
540 712 1
540 1915 1
541 541 1
541 542 1
541 583 1
541 1545 1
541 2092 1
542 583 1
543 543 1
543 544 1
543 545 1
543 546 1
543 644 1
543 1010 1
544 697 1
544 709 1
544 882 1
544 1021 1
544 1808 1
544 1915 1
544 1962 1
544 2073 1
544 2096 1
544 2247 1
544 2257 1
545 872 1
545 1240 1
546 644 1
546 657 1
547 823 1
548 823 1
549 550 1
549 551 1
549 552 1
549 553 1
549 554 1
549 555 1
549 556 1
549 557 1
549 558 1
549 559 1
549 560 1
549 561 1
549 562 1
549 563 1
549 564 1
549 565 1
549 566 1
549 567 1
549 568 1
549 784 1
549 833 1
549 985 1
549 1001 1
549 1120 1
549 1714 1
549 1957 1
549 1970 1
549 2002 1
549 2022 1
549 2030 1
549 2086 1
549 2257 1
549 2291 1
550 850 1
550 1614 1
550 2137 1
550 2268 1
551 767 1
554 583 1
554 591 1
554 985 1
554 1020 1
554 1224 1
554 1638 1
554 1933 1
554 1934 1
555 555 1
555 617 1
555 657 1
555 981 1
555 1378 1
556 1726 1
558 1052 1
558 1058 1
565 565 1
565 946 1
565 1100 1
566 566 1
566 570 1
566 597 1
566 601 1
566 628 1
566 704 1
566 875 1
566 887 1
566 1031 1
566 1036 1
566 1040 1
566 1045 1
566 1052 1
566 1069 1
566 1070 1
566 1071 1
566 1072 1
566 1073 1
566 1075 1
566 1087 1
566 1088 1
566 1089 1
566 1091 1
566 1093 1
566 1120 1
566 1487 1
566 1500 1
566 1524 1
566 1525 1
566 1541 1
566 1542 1
566 1543 1
566 1544 1
566 1545 1
566 1546 1
566 1547 1
566 1548 1
566 1549 1
566 1550 1
566 1551 1
566 1552 1
566 1553 1
566 1554 1
566 1555 1
566 1556 1
566 1557 1
566 1558 1
566 2141 1
568 1375 1
568 1630 1
569 569 1
569 570 1
569 571 1
569 2328 1
570 671 1
570 676 1
570 677 1
570 679 1
570 699 1
570 1443 1
571 882 1
571 1038 1
571 1444 1
572 572 1
573 573 1
574 574 1
574 2077 1
574 2119 1
575 575 1
575 576 1
575 577 1
575 578 1
575 579 1
575 627 1
578 784 1
578 1255 1
578 1393 1
578 1554 1
578 2022 1
578 2267 1
578 2334 1
580 580 1
580 581 1
581 851 1
581 2010 1
582 582 1
582 2189 1
583 583 1
583 584 1
583 585 1
583 586 1
583 587 1
583 588 1
583 589 1
583 1952 1
584 584 1
584 585 1
584 586 1
584 587 1
584 588 1
584 589 1
584 628 1
584 661 1
584 925 1
584 963 1
584 966 1
584 1033 1
584 1034 1
584 1111 1
584 1113 1
584 1114 1
584 1122 1
584 1443 1
584 2143 1
584 2216 1
585 585 1
585 586 1
585 588 1
585 628 1
585 959 1
585 963 1
585 964 1
585 1033 1
585 1034 1
585 1038 1
585 1114 1
585 1117 1
585 1118 1
585 1122 1
585 1350 1
585 1614 1
585 1912 1
585 1952 1
585 2119 1
585 2216 1
585 2231 1
586 586 1
586 587 1
586 588 1
586 589 1
586 628 1
586 676 1
586 684 1
586 925 1
586 1033 1
586 1034 1
586 1111 1
586 1113 1
586 1114 1
586 1115 1
586 1117 1
586 1122 1
586 1726 1
586 1817 1
586 1952 1
586 1966 1
586 1983 1
586 2202 1
587 588 1
587 752 1
587 1114 1
587 1122 1
587 1346 1
587 1350 1
587 1952 1
587 2251 1
588 589 1
588 925 1
588 1006 1
588 1033 1
588 1034 1
588 1038 1
588 1041 1
588 1043 1
588 1111 1
588 1112 1
588 1113 1
588 1114 1
588 1117 1
588 1122 1
588 1350 1
588 1442 1
588 1501 1
588 1509 1
588 1621 1
588 1624 1
588 1648 1
588 1767 1
588 1801 1
588 1817 1
588 1952 1
588 1966 1
588 1983 1
588 2043 1
588 2070 1
588 2138 1
588 2251 1
589 925 1
589 1033 1
589 1034 1
589 1114 1
589 1117 1
589 1122 1
589 1629 1
589 1952 1
591 592 1
591 593 1
591 594 1
591 595 1
591 596 1
591 597 1
591 598 1
591 833 1
591 1001 1
591 1458 1
591 1505 1
591 1664 1
591 2012 1
591 2093 1
591 2096 1
591 2172 1
591 2208 1
591 2267 1
592 1052 1
593 593 1
593 752 1
593 874 1
593 1052 1
593 1058 1
593 2009 1
594 874 1
594 1058 1
594 1628 1
595 595 1
595 598 1
595 818 1
595 857 1
595 858 1
595 859 1
595 860 1
595 861 1
595 985 1
595 1063 1
595 1435 1
595 1569 1
595 1679 1
595 1726 1
595 1932 1
595 2290 1
596 597 1
596 1052 1
596 1484 1
596 2265 1
597 875 1
597 985 1
597 1087 1
597 2096 1
598 752 1
598 985 1
598 1599 1
599 599 1
599 854 1
599 2016 1
600 600 1
601 601 1
601 854 1
601 995 1
601 1336 1
601 1418 1
601 1962 1
601 2318 1
602 602 1
603 603 1
603 604 1
603 605 1
603 606 1
603 607 1
603 608 1
603 609 1
603 610 1
609 1707 1
611 611 1
611 612 1
611 613 1
611 614 1
611 615 1
611 784 1
611 854 1
611 1817 1
611 1966 1
611 2053 1
611 2307 1
616 616 1
616 708 1
617 617 1
617 618 1
617 619 1
620 874 1
622 823 1
622 827 1
622 867 1
622 874 1
622 1058 1
625 867 1
625 874 1
625 1058 1
625 1289 1
626 874 1
627 627 1
627 628 1
627 629 1
627 664 1
627 1007 1
627 1020 1
627 1083 1
627 1113 1
627 1159 1
627 1176 1
627 1358 1
627 1414 1
627 1477 1
627 1525 1
627 1578 1
627 1579 1
627 1602 1
627 1617 1
627 1631 1
627 1650 1
627 1651 1
627 1652 1
627 1653 1
627 1654 1
627 1655 1
627 1656 1
627 1657 1
627 1658 1
627 1659 1
627 1660 1
627 1661 1
627 1662 1
627 1663 1
628 664 1
628 925 1
628 960 1
628 1004 1
628 1033 1
628 1034 1
628 1038 1
628 1100 1
628 1114 1
628 1117 1
628 1122 1
628 1194 1
628 1554 1
628 1912 1
630 630 1
631 631 1
631 632 1
631 633 1
631 634 1
631 982 1
631 1022 1
631 1025 1
631 1114 1
631 1817 1
631 1896 1
631 2040 1
631 2095 1
632 632 1
632 633 1
632 634 1
632 1554 1
633 1422 1
633 1554 1
633 2330 1
636 636 1
636 2155 1
637 637 1
638 638 1
638 639 1
639 1357 1
639 1358 1
640 644 1
640 1962 1
641 644 1
641 648 1
641 1028 1
642 644 1
642 872 1
642 882 1
642 1022 1
642 1028 1
642 1129 1
642 1962 1
642 2010 1
643 644 1
643 1016 1
643 1022 1
643 1028 1
643 1545 1
643 2019 1
643 2020 1
644 644 1
644 646 1
644 647 1
644 648 1
644 649 1
644 656 1
644 657 1
644 658 1
644 848 1
644 865 1
644 959 1
644 962 1
644 972 1
644 1019 1
644 1020 1
644 1021 1
644 1022 1
644 1023 1
644 1024 1
644 1025 1
644 1026 1
644 1027 1
644 1028 1
644 1774 1
647 1001 1
647 1028 1
647 1377 1
648 669 1
648 846 1
648 877 1
648 985 1
648 1028 1
648 1180 1
648 1509 1
648 1517 1
648 1602 1
648 1799 1
648 1800 1
649 1337 1
651 727 1
651 1311 1
651 1350 1
651 1395 1
651 1403 1
652 652 1
652 653 1
652 1435 1
652 1896 1
652 1962 1
652 2030 1
652 2110 1
652 2112 1
653 653 1
653 1812 1
654 1028 1
656 2308 1
657 1730 1
658 1028 1
659 659 1
659 660 1
659 671 1
659 1554 1
661 661 1
661 662 1
661 663 1
661 849 1
661 932 1
661 1188 1
661 1189 1
661 1353 1
661 1372 1
661 1480 1
661 1516 1
661 1554 1
661 1590 1
661 1657 1
661 1721 1
661 1767 1
661 2294 1
661 2295 1
661 2296 1
663 1188 1
663 1337 1
663 1766 1
663 2358 1
663 2359 1
663 2360 1
663 2361 1
664 664 1
664 665 1
664 666 1
664 667 1
664 668 1
664 669 1
665 1281 1
665 1817 1
665 1912 1
665 1983 1
665 2144 1
668 699 1
668 833 1
668 1281 1
669 699 1
669 1281 1
669 1817 1
670 670 1
671 671 1
671 672 1
671 673 1
671 674 1
671 675 1
671 676 1
671 677 1
671 678 1
671 679 1
672 679 1
672 992 1
673 673 1
673 676 1
673 677 1
674 676 1
674 677 1
674 679 1
674 1202 1
674 1311 1
674 1337 1
676 677 1
676 679 1
676 682 1
676 992 1
676 2216 1
677 679 1
677 1479 1
677 1756 1
678 1010 1
679 680 1
679 681 1
679 682 1
680 688 1
680 1202 1
681 988 1
683 684 1
683 1443 1
683 2327 1
684 684 1
684 727 1
684 1220 1
685 685 1
685 686 1
686 2078 1
686 2189 1
687 688 1
687 689 1
687 845 1
687 1200 1
688 690 1
688 691 1
688 990 1
688 1203 1
688 1205 1
689 689 1
689 690 1
689 691 1
689 845 1
689 1200 1
689 1202 1
690 845 1
691 845 1
691 1028 1
691 1202 1
693 693 1
693 1460 1
693 1468 1
694 694 1
694 695 1
694 696 1
697 697 1
697 698 1
697 699 1
697 700 1
697 882 1
697 1249 1
699 699 1
699 934 1
699 1159 1
699 1160 1
699 1161 1
699 1194 1
699 1207 1
699 2238 1
699 2316 1
700 1129 1
700 2188 1
701 702 1
703 703 1
703 704 1
703 705 1
703 2143 1
703 2204 1
704 2318 1
705 2143 1
705 2204 1
706 706 1
706 707 1
706 1714 1
708 708 1
708 709 1
708 710 1
708 711 1
709 709 1
709 710 1
709 1582 1
710 710 1
710 1016 1
712 712 1
712 713 1
712 1311 1
712 1962 1
713 1102 1
713 1259 1
713 2353 1
714 714 1
714 715 1
715 1962 1
716 716 1
717 717 1
717 718 1
717 719 1
720 720 1
721 722 1
721 723 1
721 724 1
721 725 1
721 726 1
721 727 1
721 728 1
721 729 1
721 730 1
721 731 1
721 732 1
721 733 1
721 734 1
721 735 1
721 736 1
721 737 1
721 738 1
721 739 1
721 740 1
721 741 1
721 742 1
722 727 1
722 737 1
722 972 1
722 1068 1
722 1194 1
722 2304 1
723 737 1
723 1068 1
724 727 1
724 737 1
724 1068 1
724 1236 1
724 2308 1
725 737 1
725 1068 1
725 2234 1
726 727 1
726 737 1
726 1068 1
727 727 1
727 729 1
727 730 1
727 731 1
727 732 1
727 733 1
727 734 1
727 736 1
727 737 1
727 738 1
727 739 1
727 740 1
727 741 1
727 743 1
727 744 1
727 745 1
727 746 1
727 747 1
727 748 1
727 1068 1
728 737 1
728 1068 1
729 737 1
729 1068 1
730 737 1
730 1068 1
730 1171 1
730 1273 1
730 1926 1
730 1927 1
731 737 1
731 1068 1
732 737 1
732 1068 1
732 1509 1
733 737 1
733 806 1
733 1053 1
733 1068 1
733 1236 1
734 737 1
734 1068 1
735 737 1
735 1068 1
736 737 1
736 1068 1
736 1236 1
737 737 1
737 738 1
737 739 1
737 740 1
737 741 1
737 744 1
737 745 1
737 748 1
737 1084 1
737 1232 1
737 1236 1
737 1237 1
738 1068 1
739 1068 1
740 1068 1
740 1201 1
741 1068 1
744 748 1
744 811 1
744 1053 1
744 1232 1
744 1275 1
745 1068 1
746 1452 1
748 748 1
748 752 1
748 811 1
748 1053 1
748 1067 1
748 1228 1
748 1231 1
748 1232 1
748 1234 1
748 1272 1
748 1273 1
748 1274 1
748 1275 1
748 1277 1
748 1278 1
748 1326 1
749 749 1
750 750 1
750 751 1
750 1041 1
750 1496 1
750 2037 1
751 751 1
752 752 1
752 811 1
752 941 1
752 1053 1
753 753 1
753 754 1
753 755 1
753 756 1
753 757 1
753 758 1
753 759 1
753 760 1
753 761 1
753 762 1
753 763 1
753 764 1
753 765 1
753 766 1
753 767 1
753 768 1
753 769 1
753 770 1
753 771 1
753 772 1
753 773 1
753 774 1
754 765 1
754 767 1
756 765 1
756 767 1
758 765 1
758 767 1
758 1386 1
759 765 1
759 767 1
760 767 1
761 767 1
762 765 1
762 767 1
763 765 1
763 767 1
764 765 1
764 767 1
765 765 1
765 766 1
765 767 1
765 771 1
765 772 1
765 773 1
765 774 1
765 820 1
766 767 1
767 768 1
767 770 1
767 771 1
767 772 1
767 773 1
767 814 1
767 815 1
767 816 1
767 817 1
767 818 1
767 819 1
767 820 1
767 821 1
767 822 1
768 1469 1
775 775 1
775 776 1
775 777 1
775 778 1
775 779 1
775 780 1
775 781 1
775 782 1
775 783 1
775 784 1
775 785 1
775 786 1
775 787 1
775 788 1
775 789 1
775 790 1
775 791 1
775 792 1
775 793 1
775 794 1
775 795 1
775 864 1
777 777 1
777 782 1
777 785 1
777 786 1
777 789 1
777 791 1
777 792 1
777 796 1
777 797 1
777 798 1
777 799 1
777 800 1
777 801 1
777 802 1
777 803 1
778 806 1
779 804 1
779 806 1
780 806 1
781 806 1
782 804 1
782 806 1
782 888 1
783 804 1
783 806 1
783 888 1
784 997 1
784 1004 1
784 1008 1
784 1031 1
784 1120 1
784 1139 1
784 1151 1
784 1179 1
784 1181 1
784 1183 1
784 1395 1
784 1407 1
784 1412 1
784 1444 1
784 1478 1
784 1479 1
784 1480 1
784 1481 1
784 1482 1
784 1483 1
784 1484 1
784 1485 1
784 1486 1
784 1487 1
784 1488 1
784 1489 1
784 1490 1
784 1491 1
784 1492 1
784 1493 1
784 1494 1
784 1495 1
784 1496 1
784 1497 1
784 1498 1
784 1499 1
784 1500 1
784 1501 1
784 1502 1
785 806 1
786 804 1
786 806 1
788 1068 1
789 804 1
789 806 1
790 806 1
790 888 1
791 804 1
791 888 1
791 1350 1
792 1261 1
793 2010 1
794 806 1
795 806 1
796 806 1
798 804 1
798 806 1
798 888 1
799 806 1
800 1213 1
800 1221 1
800 1412 1
801 806 1
801 888 1
802 802 1
802 1145 1
803 806 1
804 805 1
805 806 1
806 807 1
806 808 1
806 809 1
806 810 1
806 811 1
806 812 1
806 813 1
811 811 1
811 824 1
811 1053 1
811 1187 1
811 1227 1
811 1230 1
811 1267 1
811 1268 1
811 1272 1
811 1273 1
811 1275 1
811 1326 1
811 1379 1
811 1581 1
811 1587 1
811 1678 1
811 2034 1
818 844 1
818 1255 1
818 1785 1
818 1919 1
818 1958 1
818 2191 1
818 2192 1
823 823 1
823 824 1
823 825 1
823 826 1
823 827 1
823 2096 1
824 1972 1
824 2022 1
825 825 1
825 982 1
826 826 1
826 941 1
826 982 1
826 1025 1
826 1192 1
826 1295 1
826 1311 1
826 1350 1
826 1378 1
826 1435 1
826 1680 1
826 1817 1
826 1896 1
826 1966 1
826 2022 1
826 2249 1
826 2273 1
826 2287 1
827 827 1
827 828 1
827 829 1
827 830 1
827 831 1
827 832 1
827 833 1
827 834 1
827 835 1
827 836 1
827 837 1
827 838 1
827 839 1
828 1714 1
828 2096 1
829 1045 1
829 1100 1
829 1484 1
829 1487 1
829 1624 1
830 1041 1
830 2138 1
830 2272 1
831 833 1
831 1066 1
833 833 1
833 858 1
833 904 1
833 929 1
833 1029 1
833 1030 1
833 1031 1
833 1032 1
833 1545 1
833 1551 1
833 1691 1
833 2060 1
833 2146 1
834 837 1
834 1714 1
834 2073 1
834 2257 1
834 2317 1
835 1638 1
835 1669 1
836 1066 1
836 1480 1
836 1590 1
836 1595 1
836 1602 1
836 1852 1
836 1886 1
836 1949 1
836 2003 1
837 1610 1
837 1638 1
838 1388 1
839 1187 1
839 1678 1
840 840 1
841 841 1
842 842 1
843 843 1
844 844 1
844 1337 1
845 845 1
845 1202 1
846 846 1
846 847 1
848 848 1
849 849 1
849 852 1
849 854 1
849 855 1
849 856 1
849 1063 1
850 850 1
850 852 1
850 853 1
850 854 1
850 1063 1
850 1337 1
850 1912 1
850 2202 1
852 854 1
852 855 1
853 854 1
854 855 1
854 893 1
854 1067 1
854 1449 1
854 1501 1
854 1518 1
854 1599 1
854 1600 1
854 1601 1
854 1602 1
854 1603 1
854 1604 1
854 1605 1
854 1606 1
854 1641 1
854 1763 1
855 855 1
855 856 1
855 1100 1
855 2094 1
857 1376 1
860 1008 1
860 1063 1
860 1376 1
862 862 1
862 863 1
863 1100 1
863 1870 1
864 864 1
864 865 1
865 882 1
866 866 1
866 2091 1
867 867 1
867 868 1
867 869 1
867 870 1
867 871 1
867 1171 1
870 2208 1
872 873 1
872 2257 1
873 1392 1
874 875 1
874 876 1
875 875 1
875 1070 1
875 1071 1
875 1087 1
875 1088 1
875 1089 1
875 1090 1
875 1091 1
875 1092 1
877 877 1
877 878 1
877 1180 1
877 1690 1
882 882 1
882 884 1
882 1249 1
882 1305 1
882 1420 1
883 1016 1
883 2000 1
884 1249 1
884 1771 1
885 885 1
885 886 1
885 887 1
887 1614 1
887 1647 1
887 1817 1
887 1828 1
887 1966 1
887 2070 1
887 2090 1
887 2138 1
887 2141 1
887 2299 1
888 888 1
888 889 1
888 890 1
888 891 1
888 892 1
888 894 1
891 891 1
891 892 1
891 894 1
893 893 1
894 894 1
896 896 1
896 897 1
896 898 1
896 899 1
896 900 1
896 901 1
897 901 1
898 901 1
899 901 1
900 901 1
901 901 1
902 902 1
902 903 1
902 904 1
902 1137 1
903 2017 1
904 973 1
904 1011 1
904 1131 1
904 1174 1
905 905 1
905 906 1
905 907 1
905 908 1
905 909 1
905 910 1
907 1146 1
907 1147 1
907 1150 1
907 1886 1
907 1962 1
907 2214 1
908 908 1
908 909 1
908 1374 1
908 2135 1
910 995 1
910 996 1
910 1259 1
910 2141 1
910 2267 1
911 911 1
911 912 1
911 913 1
911 914 1
915 915 1
915 916 1
917 917 1
917 919 1
918 918 1
918 1132 1
918 1134 1
919 919 1
920 921 1
921 1376 1
921 1970 1
922 922 1
922 923 1
925 1034 1
925 1114 1
925 1117 1
925 1122 1
925 1350 1
925 1817 1
925 1952 1
926 1422 1
927 1181 1
927 1912 1
928 1386 1
928 1396 1
929 1422 1
929 1443 1
930 1422 1
930 1667 1
931 931 1
932 932 1
932 933 1
933 1726 1
934 934 1
934 935 1
934 936 1
934 937 1
934 938 1
934 939 1
934 940 1
934 1276 1
936 936 1
936 937 1
936 938 1
936 940 1
937 939 1
938 939 1
939 939 1
939 940 1
939 1367 1
939 2077 1
940 2147 1
941 941 1
942 942 1
943 943 1
943 1726 1
943 2038 1
944 944 1
945 945 1
946 946 1
946 947 1
946 948 1
946 949 1
946 950 1
947 2084 1
951 952 1
951 953 1
951 954 1
951 955 1
951 956 1
951 957 1
951 958 1
959 960 1
959 966 1
959 972 1
959 1034 1
960 960 1
960 962 1
960 963 1
960 964 1
960 966 1
960 967 1
960 972 1
960 978 1
960 979 1
960 1034 1
961 966 1
961 1034 1
961 1114 1
962 966 1
962 972 1
962 1034 1
963 966 1
963 972 1
963 1034 1
963 1114 1
963 1117 1
964 972 1
964 1034 1
965 966 1
965 972 1
965 1034 1
965 1114 1
966 967 1
966 968 1
966 970 1
966 972 1
966 1034 1
966 1114 1
966 1116 1
966 1443 1
966 1618 1
966 2046 1
966 2047 1
967 972 1
967 1034 1
967 1443 1
970 972 1
970 1554 1
972 972 1
972 978 1
972 1034 1
972 1114 1
972 1116 1
972 1135 1
973 973 1
973 974 1
973 975 1
973 1187 1
973 1434 1
973 1587 1
973 1618 1
973 1678 1
973 2045 1
974 974 1
974 975 1
974 1394 1
975 975 1
975 1457 1
975 2084 1
976 976 1
976 977 1
978 1175 1
980 980 1
980 1476 1
980 1491 1
982 1311 1
982 1377 1
982 1487 1
982 1546 1
982 1579 1
982 1630 1
982 1852 1
982 1891 1
983 983 1
984 984 1
984 985 1
984 986 1
984 1953 1
984 2220 1
985 1555 1
985 1638 1
985 1970 1
985 2040 1
985 2087 1
985 2291 1
988 988 1
988 989 1
988 1205 1
988 1223 1
989 992 1
989 1202 1
990 992 1
990 1202 1
990 1435 1
992 993 1
994 1527 1
995 1112 1
995 1311 1
995 1477 1
995 1534 1
995 1637 1
995 1686 1
995 1732 1
995 1733 1
995 1769 1
995 1776 1
995 1777 1
995 1778 1
995 1781 1
995 1782 1
995 1853 1
996 996 1
996 1099 1
996 1101 1
996 1259 1
996 1296 1
996 1297 1
997 1407 1
1001 1638 1
1003 1003 1
1004 1004 1
1004 1005 1
1004 1006 1
1004 1007 1
1004 1619 1
1004 1825 1
1004 1826 1
1004 2138 1
1004 2219 1
1006 1043 1
1006 1358 1
1006 1478 1
1006 1607 1
1006 1647 1
1006 1802 1
1006 2122 1
1006 2123 1
1006 2124 1
1007 1008 1
1007 2261 1
1008 1008 1
1008 1009 1
1008 2261 1
1010 1010 1
1010 1011 1
1010 1012 1
1010 1013 1
1011 1011 1
1011 1166 1
1011 1775 1
1011 1808 1
1012 1213 1
1014 1014 1
1015 1015 1
1016 1016 1
1016 1017 1
1016 1018 1
1016 1187 1
1016 1587 1
1016 1663 1
1016 1678 1
1016 1915 1
1016 2010 1
1016 2257 1
1017 2238 1
1019 1019 1
1021 1026 1
1021 1638 1
1021 1694 1
1021 1719 1
1021 1785 1
1021 1917 1
1021 2212 1
1021 2213 1
1022 1137 1
1022 1314 1
1022 1478 1
1022 1498 1
1022 1545 1
1023 1028 1
1025 1042 1
1025 1417 1
1025 1493 1
1025 1602 1
1025 1689 1
1025 1767 1
1025 1852 1
1025 2065 1
1025 2068 1
1028 1028 1
1028 1413 1
1028 1433 1
1028 1434 1
1028 1511 1
1028 1740 1
1028 1741 1
1028 1742 1
1031 1357 1
1031 1358 1
1031 1647 1
1031 1974 1
1031 2022 1
1031 2307 1
1033 1033 1
1033 1034 1
1033 1035 1
1033 1036 1
1033 1037 1
1033 1787 1
1033 1909 1
1034 1034 1
1034 1038 1
1034 1111 1
1034 1112 1
1034 1113 1
1034 1114 1
1034 1117 1
1034 1122 1
1034 1137 1
1034 1350 1
1034 1726 1
1034 1817 1
1034 1952 1
1037 2146 1
1038 1038 1
1038 1039 1
1038 1040 1
1038 1484 1
1038 1487 1
1038 1521 1
1038 1590 1
1038 1595 1
1038 1689 1
1038 1721 1
1038 1767 1
1038 1819 1
1038 1887 1
1038 1949 1
1038 2148 1
1038 2273 1
1039 1281 1
1040 1309 1
1040 1554 1
1040 1615 1
1040 1817 1
1040 2193 1
1040 2231 1
1040 2353 1
1041 1041 1
1041 1042 1
1041 1043 1
1041 1044 1
1041 1045 1
1041 1372 1
1042 1055 1
1042 1350 1
1042 1443 1
1042 1817 1
1043 1507 1
1043 1726 1
1043 1912 1
1043 1966 1
1043 2093 1
1043 2143 1
1043 2248 1
1043 2257 1
1044 1303 1
1045 1131 1
1045 1726 1
1045 1817 1
1045 1896 1
1045 2022 1
1046 1106 1
1047 1047 1
1047 1048 1
1047 1049 1
1048 1452 1
1049 1049 1
1050 1050 1
1051 1051 1
1052 1052 1
1052 1053 1
1052 1058 1
1053 1053 1
1053 1227 1
1053 1267 1
1053 1268 1
1053 1269 1
1053 1270 1
1053 1271 1
1053 1272 1
1053 1273 1
1053 1326 1
1053 1379 1
1055 1055 1
1055 1056 1
1055 1521 1
1055 1550 1
1055 1602 1
1055 1672 1
1055 1784 1
1055 1852 1
1055 2070 1
1055 2141 1
1055 2193 1
1058 1058 1
1059 1059 1
1059 1060 1
1059 1900 1
1060 1294 1
1060 1613 1
1060 1714 1
1061 1061 1
1062 1062 1
1063 1063 1
1063 1183 1
1063 1311 1
1063 1321 1
1063 1500 1
1063 1561 1
1063 1744 1
1063 1815 1
1063 1839 1
1063 2034 1
1063 2145 1
1063 2279 1
1063 2280 1
1063 2281 1
1063 2282 1
1063 2283 1
1063 2284 1
1063 2285 1
1064 1064 1
1065 1707 1
1066 1066 1
1066 1067 1
1067 1067 1
1069 1070 1
1069 1071 1
1069 1072 1
1069 1073 1
1069 1074 1
1069 1120 1
1070 1076 1
1070 1079 1
1070 1087 1
1071 1076 1
1071 1078 1
1071 1079 1
1071 1087 1
1071 1563 1
1072 1078 1
1072 1087 1
1072 1563 1
1073 1087 1
1073 1429 1
1073 1849 1
1076 1076 1
1076 1077 1
1076 1078 1
1076 1079 1
1076 1080 1
1076 1081 1
1076 1082 1
1076 1083 1
1076 1563 1
1076 2138 1
1076 2224 1
1077 1078 1
1077 1079 1
1078 1079 1
1078 1080 1
1078 1083 1
1078 1084 1
1078 1086 1
1078 2224 1
1079 1079 1
1079 1080 1
1079 1081 1
1079 1083 1
1079 1084 1
1079 1085 1
1080 1429 1
1081 2224 1
1084 1275 1
1084 1563 1
1084 2224 1
1086 1181 1
1086 1326 1
1086 2257 1
1087 1087 1
1087 1088 1
1087 1089 1
1093 1974 1
1096 1171 1
1098 1171 1
1099 1808 1
1100 1100 1
1100 1261 1
1100 1264 1
1100 1265 1
1100 1266 1
1100 1808 1
1102 1103 1
1102 1104 1
1102 1105 1
1104 2329 1
1105 2329 1
1106 1107 1
1106 1108 1
1106 1109 1
1106 1110 1
1109 1392 1
1111 1114 1
1111 1122 1
1111 1606 1
1111 1817 1
1111 1900 1
1111 1952 1
1112 1952 1
1113 1114 1
1113 1117 1
1113 1122 1
1113 1629 1
1113 1952 1
1113 1972 1
1114 1114 1
1114 1115 1
1114 1116 1
1114 1117 1
1114 1122 1
1114 1124 1
1114 1640 1
1114 1767 1
1114 1817 1
1114 1952 1
1114 1983 1
1114 2193 1
1114 2251 1
1115 1952 1
1116 2114 1
1117 1117 1
1120 2265 1
1120 2308 1
1121 1121 1
1122 1123 1
1122 1817 1
1122 1952 1
1122 1983 1
1123 1421 1
1124 1124 1
1124 1125 1
1124 1126 1
1124 1127 1
1124 1128 1
1129 1129 1
1129 1130 1
1130 2188 1
1131 1131 1
1132 1132 1
1132 1133 1
1132 1134 1
1135 1175 1
1136 1136 1
1136 2022 1
1136 2093 1
1137 1137 1
1137 1138 1
1137 1139 1
1137 1140 1
1137 1141 1
1137 1142 1
1137 1143 1
1139 1377 1
1139 1513 1
1139 1679 1
1139 1810 1
1139 1816 1
1139 1915 1
1139 1966 1
1139 2022 1
1139 2138 1
1139 2315 1
1140 2261 1
1144 1144 1
1144 1177 1
1144 1208 1
1144 1520 1
1144 1584 1
1144 1718 1
1144 1719 1
1144 1720 1
1144 1721 1
1144 1722 1
1144 1723 1
1144 1724 1
1145 1376 1
1146 1147 1
1146 1663 1
1146 1938 1
1146 2052 1
1147 1148 1
1147 1150 1
1147 1895 1
1151 1738 1
1151 1983 1
1151 2257 1
1152 1188 1
1152 1392 1
1153 1153 1
1153 1154 1
1153 1155 1
1153 1156 1
1153 1157 1
1153 1158 1
1154 1154 1
1154 1155 1
1154 1157 1
1159 2135 1
1161 1161 1
1161 1905 1
1162 1162 1
1162 1163 1
1162 1164 1
1165 1165 1
1167 1167 1
1169 1645 1
1170 1170 1
1171 1171 1
1171 1415 1
1171 1416 1
1172 1476 1
1172 1491 1
1172 1843 1
1172 1844 1
1172 1845 1
1174 1174 1
1174 1175 1
1174 1176 1
1174 1177 1
1175 1739 1
1175 2334 1
1177 1714 1
1178 1178 1
1178 1443 1
1178 1870 1
1178 1910 1
1178 1966 1
1179 1192 1
1180 1936 1
1180 2153 1
1181 1271 1
1181 1509 1
1181 1874 1
1181 1936 1
1181 1937 1
1181 1938 1
1182 1208 1
1183 1407 1
1187 1294 1
1187 1674 1
1187 1710 1
1187 1726 1
1187 1806 1
1187 1861 1
1187 1923 1
1187 2090 1
1187 2100 1
1187 2202 1
1187 2290 1
1187 2306 1
1187 2355 1
1188 1188 1
1188 1189 1
1188 1190 1
1188 1191 1
1188 1192 1
1188 1193 1
1188 1372 1
1190 1491 1
1192 1509 1
1192 1950 1
1192 1985 1
1194 1194 1
1194 1443 1
1194 2135 1
1195 1195 1
1195 1196 1
1197 1197 1
1197 1198 1
1197 1199 1
1198 1368 1
1199 1350 1
1199 1368 1
1200 1200 1
1200 1202 1
1202 1203 1
1202 1204 1
1206 1206 1
1207 1207 1
1207 1208 1
1207 1209 1
1207 1210 1
1207 1211 1
1207 1212 1
1207 1548 1
1207 1615 1
1207 1646 1
1207 1831 1
1207 2079 1
1207 2103 1
1207 2119 1
1208 1208 1
1208 1209 1
1208 1210 1
1208 1211 1
1208 1212 1
1208 1478 1
1208 1518 1
1208 1803 1
1208 2119 1
1208 2121 1
1210 1212 1
1210 1587 1
1210 1739 1
1211 1443 1
1212 1569 1
1213 1213 1
1213 1214 1
1213 1215 1
1213 1216 1
1213 1217 1
1213 1412 1
1218 1218 1
1218 1219 1
1220 1220 1
1221 1222 1
1225 1225 1
1225 1226 1
1227 1273 1
1227 1275 1
1229 1232 1
1229 2334 1
1232 1233 1
1232 1234 1
1232 1275 1
1232 1517 1
1233 2164 1
1235 1275 1
1236 1680 1
1238 1238 1
1238 1239 1
1240 1240 1
1240 1241 1
1240 1242 1
1240 1243 1
1240 1244 1
1240 1245 1
1240 1443 1
1240 1674 1
1247 1248 1
1249 1249 1
1249 1250 1
1249 1808 1
1249 1962 1
1250 1570 1
1250 1915 1
1251 1251 1
1251 1377 1
1254 1377 1
1254 1726 1
1255 1557 1
1255 1703 1
1255 2277 1
1256 1680 1
1256 1828 1
1256 2006 1
1259 1259 1
1259 1260 1
1261 1261 1
1261 1262 1
1261 1263 1
1264 1599 1
1267 1273 1
1268 1273 1
1268 1326 1
1271 1273 1
1272 1273 1
1272 1275 1
1273 1274 1
1273 1275 1
1275 1276 1
1276 1321 1
1276 1666 1
1276 1667 1
1276 1968 1
1276 2206 1
1277 2257 1
1279 1279 1
1279 1280 1
1281 1281 1
1281 1282 1
1283 1284 1
1283 1285 1
1285 1896 1
1287 2202 1
1288 1423 1
1289 1289 1
1289 1290 1
1289 1291 1
1289 1292 1
1289 1293 1
1292 2078 1
1294 1294 1
1294 2308 1
1295 1767 1
1298 1298 1
1299 1299 1
1299 1300 1
1301 1301 1
1301 1302 1
1303 1303 1
1303 1304 1
1308 1308 1
1308 1309 1
1308 1310 1
1308 1585 1
1308 1680 1
1309 1310 1
1309 1585 1
1309 1680 1
1309 1685 1
1309 1925 1
1310 1373 1
1310 1478 1
1310 1585 1
1310 1618 1
1310 1621 1
1310 1680 1
1310 1685 1
1310 2101 1
1310 2102 1
1310 2315 1
1311 1311 1
1311 1312 1
1311 1313 1
1311 1314 1
1311 1315 1
1311 1316 1
1311 1317 1
1311 1318 1
1311 1319 1
1311 1320 1
1311 1321 1
1311 1443 1
1311 1508 1
1311 1912 1
1311 1934 1
1311 2251 1
1311 2261 1
1311 2308 1
1318 1318 1
1321 1787 1
1322 1322 1
1323 1323 1
1323 1324 1
1324 1880 1
1326 1326 1
1326 1327 1
1328 1328 1
1328 1329 1
1328 1330 1
1331 1331 1
1331 1817 1
1332 1332 1
1332 1333 1
1333 1801 1
1334 1334 1
1335 1335 1
1336 1336 1
1337 1337 1
1337 1338 1
1337 1339 1
1337 1340 1
1337 1341 1
1337 1342 1
1337 1343 1
1337 1344 1
1337 1345 1
1337 1346 1
1337 1347 1
1337 1607 1
1337 1648 1
1337 1870 1
1337 2189 1
1337 2290 1
1341 1726 1
1345 1900 1
1345 1966 1
1345 2084 1
1346 1346 1
1346 1459 1
1348 1348 1
1349 1349 1
1350 1350 1
1350 1351 1
1350 1554 1
1350 1582 1
1350 1983 1
1350 2220 1
1352 1353 1
1352 1354 1
1352 1355 1
1352 1356 1
1353 1357 1
1353 1870 1
1353 2173 1
1354 1358 1
1354 1896 1
1354 2022 1
1355 1357 1
1357 1357 1
1357 1358 1
1357 1359 1
1358 1358 1
1358 1443 1
1358 1614 1
1358 2138 1
1360 1360 1
1360 1361 1
1361 1361 1
1362 1362 1
1362 1363 1
1364 1364 1
1364 1365 1
1364 1366 1
1368 1368 1
1368 1369 1
1368 1370 1
1368 1371 1
1372 1372 1
1372 1373 1
1373 1373 1
1375 1375 1
1375 1961 1
1376 1377 1
1376 1378 1
1377 1378 1
1377 1502 1
1377 1618 1
1377 1628 1
1377 1642 1
1377 1643 1
1377 1644 1
1377 1645 1
1377 1646 1
1377 1647 1
1377 1648 1
1377 1649 1
1377 2146 1
1378 1593 1
1378 1656 1
1378 1888 1
1378 1908 1
1379 1379 1
1380 1380 1
1380 1625 1
1381 1381 1
1381 1382 1
1381 1383 1
1381 1384 1
1384 2220 1
1385 1385 1
1386 1386 1
1386 1387 1
1386 1388 1
1386 1389 1
1386 1390 1
1386 1391 1
1386 1646 1
1387 1388 1
1388 1388 1
1388 1389 1
1388 1390 1
1388 1767 1
1388 1828 1
1388 1848 1
1388 1960 1
1388 1961 1
1389 1390 1
1392 1392 1
1393 1393 1
1393 1480 1
1393 1517 1
1393 1642 1
1393 1721 1
1394 2209 1
1395 1395 1
1396 1396 1
1396 1877 1
1397 1397 1
1398 1398 1
1398 1680 1
1399 1399 1
1400 1400 1
1401 1401 1
1402 1402 1
1403 1403 1
1404 1404 1
1404 1841 1
1405 1405 1
1406 1406 1
1407 1407 1
1408 1408 1
1409 1409 1
1410 1410 1
1411 1411 1
1412 1412 1
1412 1413 1
1412 1414 1
1412 1458 1
1417 1417 1
1418 1418 1
1418 1509 1
1418 1573 1
1418 1734 1
1418 1735 1
1418 1736 1
1418 1737 1
1419 1419 1
1420 2022 1
1421 1421 1
1422 1422 1
1423 1423 1
1423 1424 1
1424 1424 1
1425 1425 1
1426 1426 1
1429 1429 1
1431 1431 1
1432 1432 1
1434 1983 1
1434 2144 1
1435 1435 1
1435 1449 1
1435 1587 1
1435 1600 1
1435 1647 1
1435 1769 1
1435 1770 1
1437 1437 1
1437 1438 1
1439 1439 1
1439 1912 1
1440 1962 1
1442 1442 1
1442 1443 1
1442 1479 1
1442 1482 1
1442 1501 1
1442 1520 1
1443 1444 1
1443 1476 1
1443 1478 1
1443 1493 1
1443 1509 1
1443 1518 1
1443 1521 1
1443 1525 1
1443 1551 1
1443 1568 1
1443 1581 1
1443 1594 1
1443 1616 1
1443 1618 1
1443 1624 1
1443 1678 1
1443 1691 1
1443 1858 1
1443 1883 1
1443 1884 1
1443 1885 1
1443 1886 1
1443 1887 1
1443 1888 1
1443 1889 1
1443 1890 1
1443 1891 1
1443 1892 1
1443 1893 1
1443 1894 1
1443 1895 1
1443 1896 1
1443 1897 1
1443 1898 1
1443 1899 1
1443 1900 1
1443 1901 1
1443 1902 1
1444 1444 1
1445 1445 1
1446 1446 1
1447 1447 1
1448 1448 1
1449 1449 1
1449 1896 1
1449 2022 1
1450 1450 1
1451 1451 1
1452 1452 1
1452 1453 1
1452 1454 1
1452 1455 1
1452 1456 1
1456 2071 1
1460 1460 1
1460 1461 1
1460 1462 1
1463 1463 1
1464 1464 1
1465 1465 1
1466 1466 1
1467 1467 1
1468 1468 1
1469 1469 1
1470 1470 1
1471 1471 1
1471 1787 1
1472 1472 1
1473 1473 1
1474 1474 1
1475 1476 1
1475 1477 1
1476 1771 1
1476 1870 1
1476 1915 1
1476 1948 1
1476 2138 1
1476 2141 1
1476 2273 1
1476 2307 1
1476 2308 1
1477 1647 1
1477 2053 1
1477 2273 1
1478 1849 1
1478 1931 1
1478 1948 1
1478 2251 1
1478 2288 1
1479 2056 1
1479 2252 1
1480 1491 1
1480 1707 1
1480 1810 1
1480 2030 1
1480 2152 1
1480 2268 1
1482 2238 1
1484 1527 1
1484 1725 1
1484 1726 1
1484 1969 1
1484 2022 1
1484 2040 1
1484 2273 1
1485 2334 1
1486 1607 1
1487 1545 1
1487 1613 1
1487 1635 1
1487 1636 1
1487 1923 1
1487 1931 1
1487 2036 1
1487 2053 1
1487 2162 1
1487 2266 1
1487 2273 1
1487 2307 1
1489 1635 1
1489 2022 1
1489 2238 1
1489 2299 1
1491 1613 1
1491 1614 1
1491 1956 1
1491 2058 1
1493 1613 1
1493 1679 1
1493 1680 1
1493 1966 1
1493 2022 1
1493 2036 1
1493 2073 1
1493 2138 1
1494 1714 1
1495 1849 1
1495 1966 1
1496 1533 1
1496 1559 1
1496 1635 1
1496 1702 1
1496 2053 1
1496 2299 1
1496 2307 1
1497 1962 1
1497 2257 1
1498 2078 1
1498 2225 1
1498 2307 1
1500 1972 1
1500 2138 1
1501 1565 1
1501 1680 1
1501 1912 1
1501 2030 1
1502 1513 1
1502 1613 1
1502 1679 1
1502 1810 1
1502 1816 1
1502 1915 1
1502 2022 1
1502 2315 1
1503 1504 1
1505 1506 1
1505 1912 1
1506 1931 1
1506 2254 1
1507 1508 1
1507 1509 1
1507 1510 1
1507 1511 1
1508 1529 1
1508 1680 1
1508 1685 1
1508 1920 1
1509 1664 1
1509 1666 1
1509 1680 1
1509 1682 1
1509 1685 1
1509 1702 1
1509 1880 1
1509 1983 1
1509 2267 1
1509 2336 1
1510 2261 1
1511 1570 1
1511 2002 1
1513 1514 1
1513 1515 1
1513 1516 1
1513 1517 1
1515 1993 1
1516 1554 1
1516 1563 1
1516 1614 1
1516 1628 1
1516 1726 1
1516 1993 1
1517 1585 1
1517 1667 1
1517 1726 1
1517 1755 1
1517 1817 1
1517 1993 1
1517 2002 1
1517 2073 1
1517 2077 1
1517 2329 1
1518 1680 1
1518 1896 1
1518 2122 1
1518 2308 1
1520 1629 1
1520 1726 1
1520 1805 1
1520 1896 1
1520 1900 1
1520 2238 1
1521 1614 1
1521 1674 1
1521 1948 1
1521 2022 1
1521 2138 1
1521 2267 1
1523 2127 1
1524 1817 1
1525 1912 1
1526 1817 1
1526 2056 1
1526 2141 1
1526 2289 1
1527 1759 1
1529 1726 1
1530 1920 1
1531 2017 1
1532 1665 1
1532 2144 1
1532 2224 1
1534 1664 1
1534 1666 1
1534 1680 1
1534 2308 1
1535 1582 1
1537 1568 1
1537 1724 1
1541 1680 1
1542 1554 1
1544 1680 1
1545 1680 1
1545 1728 1
1545 1808 1
1545 1852 1
1545 1966 1
1545 2022 1
1545 2299 1
1546 1726 1
1546 1948 1
1548 2022 1
1548 2035 1
1548 2171 1
1548 2299 1
1549 1714 1
1550 2022 1
1550 2273 1
1551 1607 1
1551 2022 1
1554 1563 1
1554 1616 1
1554 1646 1
1554 1695 1
1554 1696 1
1554 1697 1
1554 1698 1
1554 1699 1
1554 1700 1
1554 1701 1
1554 1702 1
1554 1703 1
1555 1570 1
1555 1962 1
1555 2073 1
1555 2257 1
1557 1621 1
1557 1680 1
1557 1944 1
1557 2053 1
1557 2056 1
1557 2126 1
1557 2208 1
1557 2257 1
1558 2048 1
1560 1561 1
1560 1562 1
1560 1563 1
1560 1564 1
1562 1621 1
1562 1966 1
1563 1647 1
1563 1721 1
1563 1950 1
1563 1996 1
1563 1997 1
1563 1998 1
1563 1999 1
1564 1605 1
1564 1802 1
1564 2014 1
1564 2321 1
1565 1566 1
1565 1868 1
1567 1568 1
1568 1586 1
1568 1600 1
1568 1791 1
1568 1792 1
1568 2183 1
1570 1785 1
1570 1917 1
1570 1989 1
1570 2011 1
1577 1636 1
1577 1896 1
1577 1912 1
1577 1972 1
1577 2017 1
1577 2152 1
1577 2193 1
1579 2251 1
1580 2114 1
1581 1726 1
1581 1900 1
1581 1983 1
1581 2070 1
1581 2251 1
1582 1583 1
1583 1607 1
1583 2202 1
1583 2299 1
1585 1586 1
1585 1587 1
1585 1685 1
1587 1674 1
1587 1806 1
1587 1923 1
1587 2070 1
1587 2090 1
1587 2268 1
1587 2306 1
1587 2355 1
1589 1648 1
1589 1667 1
1589 1788 1
1589 1789 1
1589 1828 1
1589 1925 1
1590 1680 1
1590 1808 1
1590 1817 1
1590 1948 1
1590 1983 1
1590 2138 1
1593 1664 1
1593 1680 1
1593 1808 1
1593 1827 1
1593 2012 1
1593 2022 1
1593 2260 1
1593 2266 1
1593 2334 1
1594 1605 1
1594 1664 1
1594 1680 1
1594 1682 1
1594 1966 1
1594 2267 1
1595 2138 1
1595 2273 1
1596 1817 1
1599 1613 1
1599 1664 1
1599 1802 1
1599 1803 1
1599 1804 1
1599 1896 1
1599 1962 1
1599 2022 1
1599 2095 1
1600 1647 1
1600 1680 1
1600 2022 1
1602 1613 1
1602 1647 1
1602 1866 1
1602 2090 1
1602 2138 1
1602 2260 1
1602 2266 1
1605 1623 1
1605 1624 1
1605 1680 1
1605 2013 1
1605 2022 1
1605 2078 1
1605 2138 1
1605 2238 1
1606 1616 1
1606 1639 1
1606 2078 1
1606 2084 1
1607 1608 1
1607 1609 1
1607 1610 1
1607 1611 1
1607 1612 1
1607 1915 1
1607 1962 1
1608 1931 1
1610 1680 1
1610 1925 1
1610 2022 1
1610 2030 1
1610 2122 1
1610 2223 1
1610 2299 1
1614 1615 1
1614 1616 1
1614 1617 1
1614 1618 1
1614 1619 1
1614 1620 1
1614 1621 1
1614 1622 1
1615 1665 1
1615 1666 1
1615 1817 1
1615 1828 1
1615 1831 1
1615 1841 1
1615 1870 1
1615 1900 1
1615 2138 1
1615 2141 1
1615 2220 1
1616 1900 1
1616 1912 1
1616 1944 1
1616 1966 1
1616 2141 1
1618 1726 1
1618 1817 1
1618 1826 1
1618 1886 1
1618 1896 1
1618 1983 1
1618 2090 1
1618 2299 1
1619 1817 1
1621 1637 1
1621 1760 1
1621 1761 1
1621 1762 1
1621 1817 1
1621 1886 1
1621 1966 1
1621 1972 1
1621 1983 1
1624 1629 1
1624 2114 1
1624 2248 1
1624 2252 1
1624 2266 1
1624 2308 1
1625 1626 1
1625 1627 1
1627 1831 1
1628 1629 1
1628 1630 1
1628 1939 1
1629 1646 1
1629 1665 1
1629 1939 1
1629 1940 1
1630 1765 1
1630 1978 1
1630 2040 1
1631 1632 1
1633 1634 1
1636 1637 1
1637 1673 1
1637 2036 1
1638 1714 1
1638 1974 1
1638 2086 1
1638 2143 1
1638 2299 1
1639 1640 1
1639 1641 1
1640 2078 1
1641 2333 1
1642 1664 1
1642 1666 1
1642 1966 1
1642 2073 1
1642 2308 1
1645 1942 1
1645 1943 1
1646 1664 1
1646 1726 1
1646 1729 1
1646 1787 1
1646 1910 1
1646 1912 1
1646 1925 1
1646 1944 1
1646 2060 1
1646 2127 1
1646 2257 1
1646 2267 1
1646 2308 1
1647 1691 1
1647 1731 1
1647 1738 1
1647 1792 1
1647 1948 1
1647 2070 1
1647 2083 1
1647 2149 1
1647 2299 1
1647 2306 1
1650 1651 1
1650 2036 1
1650 2137 1
1651 1659 1
1651 1744 1
1651 1745 1
1651 1746 1
1651 1808 1
1651 2137 1
1656 1817 1
1656 2022 1
1664 1665 1
1664 1666 1
1665 1666 1
1665 1869 1
1665 1910 1
1665 1932 1
1665 1944 1
1665 1946 1
1665 1962 1
1665 2018 1
1665 2035 1
1665 2116 1
1665 2117 1
1665 2118 1
1665 2215 1
1665 2266 1
1666 1690 1
1666 1841 1
1666 1869 1
1666 1910 1
1666 1912 1
1666 1944 1
1666 1946 1
1666 1962 1
1666 2117 1
1666 2266 1
1667 1668 1
1667 1669 1
1669 1877 1
1669 2273 1
1670 2238 1
1673 2305 1
1674 1675 1
1674 1676 1
1674 1677 1
1674 1678 1
1678 1710 1
1678 1806 1
1678 1923 1
1678 2070 1
1678 2090 1
1678 2202 1
1678 2290 1
1680 1681 1
1680 1682 1
1680 1683 1
1680 1684 1
1680 1685 1
1680 1686 1
1680 1687 1
1680 1688 1
1680 1689 1
1680 1690 1
1680 1691 1
1680 1692 1
1680 1693 1
1680 1694 1
1680 1695 1
1682 2054 1
1685 1920 1
1685 2102 1
1689 2173 1
1690 1886 1
1691 1896 1
1691 1983 1
1691 2257 1
1691 2273 1
1691 2334 1
1695 1966 1
1695 2334 1
1702 2089 1
1703 2192 1
1707 1708 1
1707 1709 1
1707 1710 1
1707 1711 1
1707 1712 1
1707 1713 1
1708 1710 1
1709 1710 1
1710 1711 1
1710 1712 1
1710 1713 1
1710 1990 1
1710 2252 1
1714 1715 1
1714 1716 1
1714 1717 1
1718 1912 1
1719 1726 1
1719 1966 1
1719 2137 1
1719 2286 1
1720 1764 1
1720 2084 1
1721 1726 1
1721 1810 1
1721 2005 1
1721 2152 1
1724 1743 1
1725 1726 1
1726 2045 1
1726 2048 1
1726 2086 1
1726 2129 1
1726 2130 1
1726 2131 1
1726 2132 1
1726 2133 1
1726 2134 1
1727 1728 1
1727 2260 1
1727 2318 1
1730 2040 1
1733 2022 1
1738 1739 1
1739 1896 1
1739 1972 1
1739 2022 1
1739 2090 1
1739 2138 1
1739 2273 1
1741 1803 1
1742 1815 1
1744 2138 1
1747 1748 1
1747 1749 1
1751 1752 1
1751 1753 1
1751 1754 1
1752 1983 1
1753 1983 1
1755 1756 1
1755 1757 1
1755 1758 1
1755 1896 1
1756 2299 1
1757 1808 1
1763 1764 1
1765 1766 1
1767 1817 1
1767 1900 1
1767 1912 1
1767 1952 1
1767 1983 1
1767 2110 1
1767 2185 1
1769 1962 1
1769 2260 1
1770 2022 1
1771 1772 1
1771 1773 1
1772 1900 1
1772 1919 1
1772 2000 1
1772 2044 1
1775 2010 1
1775 2193 1
1776 1849 1
1778 1905 1
1779 2090 1
1781 2122 1
1781 2273 1
1781 2289 1
1782 2073 1
1785 1915 1
1785 2006 1
1785 2073 1
1785 2096 1
1787 1979 1
1787 1980 1
1788 1789 1
1788 1790 1
1789 1925 1
1789 2010 1
1789 2124 1
1793 2193 1
1795 2022 1
1802 1817 1
1805 1806 1
1805 1807 1
1806 1905 1
1806 2022 1
1808 1989 1
1810 1811 1
1812 2017 1
1814 2030 1
1817 1818 1
1817 1819 1
1817 1820 1
1817 1821 1
1817 1822 1
1817 1823 1
1817 1824 1
1817 1825 1
1820 2053 1
1820 2273 1
1820 2317 1
1824 1983 1
1828 1829 1
1828 1830 1
1828 2006 1
1829 2006 1
1830 2006 1
1831 1832 1
1831 1833 1
1834 2022 1
1835 2260 1
1836 2345 1
1837 2340 1
1838 1839 1
1838 1840 1
1841 1842 1
1846 1847 1
1846 1848 1
1847 2223 1
1847 2276 1
1849 1850 1
1849 1851 1
1851 2251 1
1852 1983 1
1852 2022 1
1852 2299 1
1858 1870 1
1858 1966 1
1858 2053 1
1858 2114 1
1861 1972 1
1866 1867 1
1870 1871 1
1870 1872 1
1870 1873 1
1871 1896 1
1876 1896 1
1876 2056 1
1876 2302 1
1877 1878 1
1877 1879 1
1880 1881 1
1880 1882 1
1882 1886 1
1884 1915 1
1884 2010 1
1886 1950 1
1886 2235 1
1886 2236 1
1886 2237 1
1896 1930 1
1896 2061 1
1896 2062 1
1896 2063 1
1896 2064 1
1896 2065 1
1896 2066 1
1896 2067 1
1896 2068 1
1897 2053 1
1899 2138 1
1899 2340 1
1900 1923 1
1900 1950 1
1900 1966 1
1900 1996 1
1905 1906 1
1905 1907 1
1905 1908 1
1906 1974 1
1908 2147 1
1910 1911 1
1910 1912 1
1910 1913 1
1910 1914 1
1912 1945 1
1912 2176 1
1912 2177 1
1912 2178 1
1912 2179 1
1912 2180 1
1912 2181 1
1912 2182 1
1915 1916 1
1915 1917 1
1915 1918 1
1915 1919 1
1917 2010 1
1917 2247 1
1919 1957 1
1919 1983 1
1919 2073 1
1919 2096 1
1919 2192 1
1919 2329 1
1920 1960 1
1922 2340 1
1923 1924 1
1942 2081 1
1944 1945 1
1945 2286 1
1947 2090 1
1948 1949 1
1948 1950 1
1948 1951 1
1949 2138 1
1950 1960 1
1950 2015 1
1950 2090 1
1950 2143 1
1950 2220 1
1950 2357 1
1953 1954 1
1953 1955 1
1954 2054 1
1957 1958 1
1960 2076 1
1962 1963 1
1962 1964 1
1962 1965 1
1962 1966 1
1962 1967 1
1963 2146 1
1966 2043 1
1966 2057 1
1966 2078 1
1966 2114 1
1966 2125 1
1966 2156 1
1966 2264 1
1971 2078 1
1971 2231 1
1972 1973 1
1974 1975 1
1974 1976 1
1974 1977 1
1974 1978 1
1974 2202 1
1976 2096 1
1976 2299 1
1981 1982 1
1983 1984 1
1983 1985 1
1983 1986 1
1983 1987 1
1983 1988 1
1983 1989 1
1989 2073 1
1989 2096 1
1990 1991 1
1990 1992 1
1994 1995 1
2001 2189 1
2001 2290 1
2004 2005 1
2004 2008 1
2005 2088 1
2006 2319 1
2006 2320 1
2007 2192 1
2010 2011 1
2011 2084 1
2013 2014 1
2019 2022 1
2022 2023 1
2022 2024 1
2022 2025 1
2022 2026 1
2022 2027 1
2022 2028 1
2022 2029 1
2030 2031 1
2030 2032 1
2030 2033 1
2038 2039 1
2040 2041 1
2040 2042 1
2040 2223 1
2043 2267 1
2043 2299 1
2045 2086 1
2046 2069 1
2048 2049 1
2053 2054 1
2053 2055 1
2054 2264 1
2056 2057 1
2057 2201 1
2058 2059 1
2058 2073 1
2058 2268 1
2060 2205 1
2063 2308 1
2065 2143 1
2068 2154 1
2070 2071 1
2073 2074 1
2073 2075 1
2078 2079 1
2078 2080 1
2084 2085 1
2096 2097 1
2096 2098 1
2097 2257 1
2100 2202 1
2110 2111 1
2114 2115 1
2119 2120 1
2119 2121 1
2120 2264 1
2122 2123 1
2122 2301 1
2126 2127 1
2126 2128 1
2127 2226 1
2135 2136 1
2138 2139 1
2138 2140 1
2138 2141 1
2142 2143 1
2142 2146 1
2143 2312 1
2144 2145 1
2150 2151 1
2157 2257 1
2158 2159 1
2158 2160 1
2162 2163 1
2164 2165 1
2164 2166 1
2164 2167 1
2173 2174 1
2173 2175 1
2176 2323 1
2189 2190 1
2193 2194 1
2202 2203 1
2206 2207 1
2209 2210 1
2209 2211 1
2216 2217 1
2216 2218 1
2220 2239 1
2231 2232 1
2231 2233 1
2254 2255 1
2257 2258 1
2257 2259 1
2261 2262 1
2261 2263 1
2268 2269 1
2270 2271 1
2273 2274 1
2273 2275 1
2275 2334 1
2291 2292 1
2291 2293 1
2297 2298 1
2299 2300 1
2302 2303 1
2308 2309 1
2308 2310 1
2308 2311 1
2323 2324 1
2323 2325 1
2334 2341 1
2336 2337 1
2338 2339 1
2353 2354 1
