1 156
2 53
3 53
4 53
5 22
5 40
6 27
6 53
7 133
7 160
8 177
9 53
10 133
11 53
12 133
13 53
14 40
15 24
16 53
17 123
18 58
19 53
20 53
20 179
21 53
23 40
23 117
24 29
24 53
24 73
24 74
24 113
25 53
26 53
26 91
26 117
27 70
27 112
28 53
30 117
31 53
32 42
33 53
33 140
34 53
35 53
36 53
36 186
37 115
38 200
39 40
39 57
39 94
39 95
39 115
39 124
40 43
40 52
40 53
40 54
40 81
40 117
40 151
40 157
40 159
41 53
42 53
42 68
42 89
42 107
42 134
42 143
42 162
42 180
42 182
42 198
43 53
43 124
44 53
45 146
45 156
46 53
47 53
48 117
49 53
50 53
51 53
53 55
53 56
53 58
53 59
53 63
53 64
53 66
53 67
53 69
53 70
53 71
53 72
53 76
53 77
53 78
53 80
53 81
53 82
53 84
53 85
53 87
53 90
53 92
53 93
53 97
53 98
53 99
53 100
53 101
53 102
53 103
53 104
53 106
53 108
53 109
53 111
53 112
53 114
53 116
53 118
53 120
53 121
53 122
53 123
53 125
53 127
53 128
53 129
53 130
53 131
53 132
53 133
53 135
53 136
53 137
53 138
53 139
53 140
53 144
53 147
53 148
53 150
53 152
53 158
53 160
53 161
53 163
53 164
53 165
53 166
53 167
53 168
53 169
53 170
53 171
53 172
53 173
53 174
53 175
53 176
53 177
53 178
53 181
53 183
53 184
53 185
53 187
53 189
53 190
53 192
53 193
53 194
53 195
53 197
53 198
53 199
53 200
53 202
57 94
60 117
61 197
62 117
65 81
75 133
79 133
83 117
85 149
86 117
88 133
91 155
94 107
94 117
94 141
94 160
95 115
95 145
96 133
105 155
107 185
107 201
108 126
110 112
115 117
116 133
117 157
117 159
119 189
121 146
123 133
123 154
123 191
124 189
133 146
133 196
142 159
153 155
156 160
160 188
